159 1520
159 1519
159 1518
159 1517
159 1516
159 1515
159 1514
159 1513
159 1512
159 1511
159 1510
159 1509
159 1508
159 1507
159 1506
159 1505
159 1504
159 1503
159 1502
159 1501
159 1500
159 1499
159 1498
159 1497
159 1496
159 1495
159 1494
159 1493
159 1492
159 1491
159 1490
159 1489
159 1488
159 1487
159 1486
159 1485
159 1484
159 1483
159 1482
159 1481
159 1480
159 1479
159 1478
159 1477
159 1476
159 1475
159 1474
158 1473
158 1472
157 1471
157 1470
156 1469
156 1468
156 1467
156 1466
155 1465
155 1464
154 1463
154 1462
154 1461
154 1460
154 1459
154 1458
154 1457
154 1456
154 1455
154 1454
154 1453
154 1452
154 1451
154 1450
154 1449
154 1448
154 1447
154 1446
154 1445
154 1444
154 1443
154 1442
154 1441
154 1440
154 1439
154 1438
154 1437
154 1436
154 1435
154 1434
154 1433
154 1432
154 1431
154 1430
154 1429
154 1428
154 1427
154 1426
154 1425
154 1424
154 1423
154 1422
154 1421
154 1420
155 1419
155 1418
156 1417
156 1416
157 1415
157 1414
158 1413
158 1412
158 1411
159 1410
159 1409
160 1408
160 1407
161 1406
161 1405
162 1404
162 1403
163 1402
163 1401
164 1400
164 1399
165 1398
165 1397
166 1396
166 1395
167 1394
167 1393
168 1392
168 1391
168 1390
168 1389
168 1388
168 1387
168 1386
168 1385
168 1384
168 1383
168 1382
168 1381
168 1380
168 1379
168 1378
168 1377
168 1376
168 1375
168 1374
168 1373
168 1372
169 1371
169 1370
169 1369
169 1368
169 1367
169 1366
169 1365
169 1364
169 1363
169 1362
169 1361
169 1360
169 1359
170 1358
171 1357
172 1356
173 1355
173 1354
174 1353
175 1352
176 1351
177 1350
178 1349
179 1348
180 1347
181 1346
182 1345
183 1344
184 1343
185 1342
185 1341
186 1340
187 1339
188 1338
189 1337
190 1336
191 1335
192 1334
192 1333
192 1332
192 1331
192 1330
192 1329
192 1328
192 1327
192 1326
192 1325
192 1324
192 1323
192 1322
192 1321
192 1320
192 1319
192 1318
192 1317
192 1316
192 1315
192 1314
192 1313
192 1312
192 1311
192 1310
192 1309
192 1308
192 1307
192 1306
192 1305
192 1304
192 1303
192 1302
192 1301
192 1300
192 1299
192 1298
192 1297
192 1296
192 1295
192 1294
192 1293
192 1292
193 1291
193 1290
193 1289
193 1288
193 1287
193 1286
193 1285
193 1284
193 1283
193 1282
193 1281
193 1280
193 1279
194 1278
194 1277
194 1276
195 1275
195 1274
195 1273
196 1272
196 1271
196 1270
196 1269
196 1268
197 1267
197 1266
197 1265
198 1264
199 1263
199 1262
200 1261
201 1260
201 1259
202 1258
203 1257
203 1256
204 1255
205 1254
205 1253
206 1252
206 1251
207 1250
208 1249
208 1248
209 1247
210 1246
211 1246
212 1246
213 1246
214 1245
215 1244
216 1244
217 1244
218 1244
219 1244
220 1244
221 1244
222 1244
223 1243
224 1243
225 1243
226 1243
227 1243
228 1243
229 1243
230 1243
231 1242
232 1242
233 1241
234 1240
235 1239
236 1238
237 1237
238 1236
239 1236
240 1235
241 1234
242 1233
243 1232
244 1232
245 1231
246 1230
247 1229
248 1229
249 1228
250 1227
251 1226
252 1225
253 1225
254 1224
255 1223
256 1223
257 1222
258 1221
259 1220
260 1220
261 1219
262 1219
263 1218
264 1218
265 1217
265 1216
266 1216
267 1215
267 1214
268 1214
269 1213
269 1212
270 1212
271 1211
271 1210
272 1210
273 1209
273 1208
273 1207
274 1206
275 1205
276 1204
277 1203
278 1202
279 1201
280 1200
281 1199
282 1198
283 1198
284 1197
285 1196
286 1195
287 1194
288 1194
289 1193
290 1193
291 1193
292 1192
293 1192
294 1192
295 1191
296 1191
297 1190
298 1189
299 1188
300 1188
301 1187
302 1186
303 1186
304 1185
305 1184
306 1183
307 1183
308 1182
309 1182
310 1182
311 1182
312 1182
313 1182
314 1182
315 1182
316 1182
317 1182
318 1182
319 1182
320 1182
321 1182
322 1182
323 1182
324 1182
325 1182
326 1182
327 1182
328 1183
329 1183
330 1183
331 1184
332 1184
333 1183
333 1182
334 1181
334 1180
334 1179
334 1178
334 1177
334 1176
335 1175
335 1174
335 1173
335 1172
335 1171
335 1170
335 1169
335 1168
335 1167
335 1166
335 1165
335 1164
335 1163
335 1162
335 1161
335 1160
335 1159
335 1158
335 1157
335 1156
335 1155
335 1154
335 1153
336 1152
336 1151
336 1150
336 1149
337 1148
337 1147
336 1146
337 1145
337 1144
337 1143
337 1142
338 1141
338 1140
338 1139
338 1138
338 1137
338 1136
338 1135
338 1134
338 1133
338 1132
338 1131
338 1130
338 1129
339 1128
340 1127
340 1126
341 1126
341 1125
342 1124
342 1123
343 1123
343 1122
344 1121
344 1120
345 1119
345 1118
346 1117
346 1116
347 1115
348 1115
349 1114
350 1113
351 1113
352 1112
353 1111
353 1110
354 1109
355 1108
356 1108
357 1107
358 1106
358 1105
357 1104
358 1103
358 1102
359 1101
360 1100
360 1099
361 1098
361 1097
361 1096
361 1095
361 1094
361 1093
362 1093
362 1092
362 1091
362 1090
362 1089
362 1088
363 1088
363 1087
363 1086
363 1085
363 1084
363 1083
363 1082
364 1082
364 1081
364 1080
364 1079
364 1078
364 1077
364 1076
365 1076
365 1075
365 1074
365 1073
365 1072
365 1071
366 1070
366 1069
366 1068
366 1067
366 1066
366 1065
366 1064
367 1063
368 1064
369 1063
369 1062
369 1061
369 1060
369 1059
370 1058
370 1057
370 1056
370 1055
370 1054
371 1054
372 1053
373 1053
374 1052
374 1051
374 1050
374 1049
374 1048
375 1047
375 1046
375 1045
375 1044
375 1043
376 1043
377 1042
378 1042
379 1041
379 1040
379 1039
380 1038
381 1037
381 1036
381 1035
381 1034
381 1033
381 1032
381 1031
381 1030
381 1029
381 1028
381 1027
381 1026
381 1025
381 1024
381 1023
381 1022
381 1021
381 1020
381 1019
381 1018
381 1017
381 1016
381 1015
381 1014
381 1013
381 1012
381 1011
382 1010
382 1009
383 1008
383 1007
384 1006
384 1005
385 1004
385 1003
386 1002
386 1001
387 1000
387 999
388 998
388 997
389 996
389 995
390 994
390 993
391 992
392 992
393 992
394 992
395 992
396 992
397 992
398 992
399 992
400 993
401 993
402 993
403 993
404 993
405 993
406 994
407 994
408 994
409 994
410 994
411 995
412 995
413 995
414 995
415 995
416 995
417 995
418 996
419 996
420 996
421 996
422 996
423 996
424 995
425 995
426 994
427 994
428 994
429 993
430 993
431 992
432 992
433 991
434 991
435 991
436 990
437 990
438 989
439 989
440 989
441 988
442 988
443 987
444 987
445 986
446 986
447 986
448 985
449 985
450 984
451 983
452 983
453 982
454 981
455 981
456 980
457 979
458 979
459 978
460 977
461 977
462 976
463 976
464 975
465 974
466 974
467 973
468 972
469 972
470 971
471 970
472 970
473 969
474 968
475 968
476 967
477 966
478 965
479 964
480 963
481 962
482 961
483 960
483 959
484 958
485 957
486 956
487 955
487 954
488 953
489 952
490 951
491 950
491 949
492 948
493 947
494 946
494 945
495 944
496 943
496 942
496 941
497 940
497 939
497 938
497 937
497 936
497 935
497 934
498 933
498 932
498 931
498 930
498 929
498 928
498 927
499 926
499 925
499 924
499 923
499 922
499 921
500 920
500 919
500 918
500 917
500 916
500 915
501 914
501 913
501 912
501 911
502 910
503 910
504 909
505 908
506 907
507 906
508 907
509 906
510 905
511 904
512 903
513 902
514 901
515 900
516 899
517 898
518 899
519 898
520 897
521 896
522 895
523 894
524 893
525 892
526 893
527 892
528 892
529 893
530 893
531 892
532 891
533 890
534 890
535 891
536 890
537 890
538 889
539 888
540 887
541 886
542 885
543 884
544 883
545 882
546 881
547 880
548 879
549 878
550 877
551 876
552 875
553 874
554 873
555 872
556 871
557 870
558 869
559 868
560 867
561 866
562 865
563 865
564 864
565 863
566 862
567 861
568 860
569 860
570 859
571 858
572 857
573 856
574 856
575 856
576 856
577 857
578 857
579 856
580 855
581 855
582 854
583 854
584 853
585 853
586 854
587 854
588 853
589 853
590 852
591 851
592 851
593 850
594 849
595 848
596 848
597 847
598 846
599 846
600 845
601 845
602 845
603 845
604 844
605 844
605 843
606 842
607 842
608 842
609 841
610 842
611 842
612 841
613 841
614 841
615 841
616 841
617 841
618 841
619 841
620 842
621 841
622 840
623 840
624 839
625 838
626 837
627 837
628 836
629 835
629 834
630 834
631 834
632 834
633 833
634 833
635 833
636 833
637 833
638 833
639 833
640 833
641 833
642 833
643 832
644 832
645 832
646 832
647 832
648 832
649 832
650 832
651 831
652 831
653 831
654 831
655 831
656 830
657 830
658 830
659 830
660 830
661 829
662 828
663 827
664 827
665 827
666 827
667 826
668 825
669 824
670 823
671 822
672 822
673 821
674 821
675 820
676 820
677 819
678 819
679 818
680 818
681 817
682 817
683 817
684 816
685 816
686 815
687 815
688 814
689 814
690 813
691 812
692 811
693 811
694 810
695 809
696 808
697 807
698 807
699 806
700 806
701 806
702 805
703 805
704 804
705 804
706 804
707 803
708 803
709 803
710 802
711 802
712 802
713 802
714 802
715 802
716 802
717 802
718 802
719 802
720 802
721 801
722 800
723 799
724 798
725 797
726 796
727 795
728 794
729 794
730 793
731 792
732 792
733 791
734 791
735 791
736 790
737 789
738 788
739 788
740 787
741 787
742 786
743 785
744 784
745 783
746 782
747 781
748 780
749 780
750 779
751 778
752 777
753 776
754 775
755 775
756 774
757 773
758 773
759 772
760 771
761 771
762 770
763 769
764 768
765 767
766 766
767 766
768 765
769 764
770 763
771 762
772 761
773 761
774 760
775 759
776 758
777 757
778 757
779 756
780 755
781 754
782 753
783 752
784 751
785 751
786 750
787 749
788 748
789 747
790 746
791 745
792 744
793 743
794 742
795 741
796 740
797 739
798 739
799 738
800 737
801 736
802 735
803 734
804 733
805 733
806 732
807 731
808 730
809 729
810 728
811 727
812 726
813 726
814 725
815 724
816 723
817 722
818 721
819 720
820 720
821 719
822 718
823 717
824 716
825 715
826 715
827 715
828 715
829 715
830 715
831 715
832 715
833 715
834 715
835 715
836 715
837 715
838 715
839 715
840 715
841 715
842 715
843 715
844 715
845 715
846 715
847 715
848 715
849 715
850 715
851 715
852 715
853 715
854 715
855 715
856 715
857 715
858 715
859 715
860 715
861 715
862 715
863 715
864 715
865 716
866 717
867 717
868 718
869 719
870 720
871 721
872 721
873 722
874 722
875 722
876 722
877 723
878 723
879 724
880 724
881 724
882 725
883 725
884 726
885 726
886 727
887 727
888 728
889 728
890 729
891 730
892 730
893 731
894 731
895 732
896 732
897 732
898 732
899 732
900 732
901 733
902 733
903 733
904 733
905 733
906 733
907 734
908 735
909 735
910 735
911 735
912 735
913 735
914 735
915 735
916 735
917 735
918 735
919 735
920 735
921 735
922 735
923 735
924 735
925 735
926 735
927 735
928 735
929 735
930 735
931 735
932 735
933 735
934 735
935 735
936 735
937 735
938 735
939 735
940 735
941 735
942 735
943 735
944 735
945 735
946 736
947 737
948 737
949 737
950 738
951 738
952 739
953 740
954 740
955 741
956 742
957 742
958 743
959 744
960 744
961 745
962 745
963 746
964 747
965 747
966 748
967 749
968 750
969 750
970 751
971 752
972 752
973 753
974 754
975 754
976 754
977 755
978 756
979 757
980 758
981 759
982 760
983 761
984 762
985 763
986 764
987 765
988 766
989 766
990 767
991 768
992 769
993 770
994 771
995 772
996 773
997 774
998 774
999 774
1000 775
1001 775
1002 775
1003 775
1004 776
1005 776
1006 776
1007 776
1008 777
1009 777
1010 777
1011 777
1012 778
1013 778
1014 778
1015 779
1016 779
1017 779
1018 779
1019 780
1020 780
1021 780
1022 780
1023 781
1024 781
1025 781
1026 782
1027 782
1028 783
1029 783
1030 783
1031 784
1032 784
1033 785
1034 785
1035 785
1036 786
1037 786
1038 787
1039 787
1040 788
1041 788
1042 788
1043 789
1044 789
1045 790
1046 790
1047 790
1048 791
1049 791
1050 792
1051 793
1052 793
1053 794
1054 795
1055 796
1056 797
1057 797
1058 798
1059 799
1060 800
1061 801
1062 801
1063 802
1064 803
1065 804
1066 805
1067 805
1068 806
1069 807
1070 808
1071 808
1072 809
1073 810
1074 811
1075 811
1076 812
1077 813
1078 814
1079 815
1080 815
1081 816
1082 817
1083 818
1084 819
1085 819
1086 820
1087 821
1088 822
1089 823
1090 824
1091 823
1092 823
1093 823
1094 822
1095 822
1096 821
1097 821
1098 821
1099 820
1100 820
1101 820
1102 819
1103 819
1104 818
1105 818
1106 818
1107 817
1108 817
1109 817
1110 817
1111 817
1112 817
1113 817
1114 816
1115 815
1116 814
1116 813
1117 812
1117 811
1118 810
1118 809
1118 808
1119 807
1119 806
1119 805
1120 804
1120 803
1121 802
1122 801
1122 800
1123 799
1123 798
1124 797
1124 796
1124 795
1125 794
1125 793
1125 792
1126 791
1127 790
1128 789
1129 788
1129 787
1130 786
1131 785
1132 784
1133 783
1133 782
1134 781
1135 780
1136 779
1137 778
1138 777
1139 776
1140 775
1141 774
1141 773
1142 772
1143 771
1144 770
1145 769
1145 768
1145 767
1145 766
1145 765
1145 764
1145 763
1146 762
1147 761
1147 760
1147 759
1147 758
1147 757
1147 756
1148 755
1148 754
1148 753
1148 752
1148 751
1148 750
1149 749
1150 748
1151 747
1152 746
1152 745
1153 744
1153 743
1154 742
1155 741
1155 740
1155 739
1155 738
1155 737
1155 736
1155 735
1155 734
1155 733
1155 732
1155 731
1156 730
1156 729
1156 728
1156 727
1156 726
1156 725
1156 724
1156 723
1156 722
1156 721
1156 720
1155 719
1155 718
1155 717
1154 716
1154 715
1153 714
1153 713
1152 712
1152 711
1152 710
1151 709
1151 708
1150 707
1150 706
1149 705
1149 704
1148 703
1148 702
1148 701
1148 700
1149 699
1149 698
1149 697
1149 696
1149 695
1149 694
1149 693
1150 692
1150 691
1150 690
1150 689
1150 688
1150 687
1150 686
1151 685
1151 684
1152 683
1153 682
1153 681
1154 680
1155 679
1155 678
1156 677
1157 676
1158 675
1158 674
1159 673
1160 672
1160 671
1161 670
1162 669
1163 668
1164 667
1165 666
1166 665
1167 664
1168 663
1169 662
1170 661
1171 660
1172 659
1173 658
1174 657
1175 656
1176 655
1177 654
1178 653
1179 652
1180 651
1181 650
1182 649
1183 648
1184 647
1184 646
1185 645
1186 644
1187 643
1188 642
1189 641
1190 640
1190 639
1191 638
1192 637
1193 636
1194 635
1195 634
1196 633
1197 632
1198 631
1199 630
1200 629
1201 628
1202 627
1203 626
1204 625
1205 624
1206 623
1207 622
1208 621
1209 620
1210 619
1211 618
1212 617
1213 616
1214 615
1215 614
1216 613
1217 612
1218 611
1219 610
1220 609
1221 608
1222 607
1223 606
1224 605
1225 604
1226 603
1227 602
1228 601
1228 600
1228 599
1228 598
1228 597
1228 596
1229 595
1229 594
1230 593
1231 592
1231 591
1232 590
1232 589
1233 588
1233 587
1233 586
1233 585
1234 584
1234 583
1234 582
1234 581
1234 580
1234 579
1235 578
1235 577
1236 576
1236 575
1237 574
1237 573
1237 572
1238 571
1238 570
1238 569
1239 568
1239 567
1240 566
1240 565
1241 564
1241 563
1242 562
1242 561
1243 560
1243 559
1244 558
1244 557
1245 556
1245 555
1246 554
1246 553
1247 552
1248 551
1248 550
1248 549
1248 548
1248 547
1248 546
1249 545
1249 544
1249 543
1249 542
1249 541
1250 540
1250 539
1250 538
1250 537
1250 536
1250 535
1250 534
1250 533
1250 532
1251 531
1251 530
1252 529
1252 528
1252 527
1252 526
1252 525
1253 524
1253 523
1254 522
1254 521
1254 520
1254 519
1255 518
1255 517
1256 516
1257 515
1257 514
1258 513
1259 512
1259 511
1260 510
1260 509
1260 508
1261 507
1262 506
1262 505
1263 504
1264 503
1264 502
1265 501
1265 500
1265 499
1265 498
1265 497
1265 496
1265 495
1265 494
1265 493
1265 492
1265 491
1265 490
1265 489
1265 488
1265 487
1265 486
1265 485
1265 484
1265 483
1265 482
1265 481
1265 480
1265 479
1265 478
1265 477
1265 476
1265 475
1265 474
1265 473
1265 472
1265 471
1265 470
1265 469
1265 468
1265 467
1265 466
1265 465
1265 464
1265 463
1265 462
1265 461
1265 460
1265 459
1265 458
1265 457
1265 456
1265 455
1265 454
1265 453
1265 452
1265 451
1265 450
1265 449
1265 448
1265 447
1265 446
1265 445
1265 444
1265 443
1265 442
1265 441
1265 440
1265 439
1265 438
1265 437
1265 436
1265 435
1265 434
1265 433
1265 432
1265 431
1265 430
1265 429
1265 428
1265 427
1265 426
1266 425
1266 424
1266 423
1266 422
1266 421
1266 420
1267 419
1267 418
1267 417
1267 416
1267 415
1267 414
1268 413
1268 412
1268 411
1268 410
1268 409
1268 408
1268 407
1268 406
1268 405
1269 404
1269 403
1269 402
1269 401
1269 400
1269 399
1269 398
1269 397
1269 396
1269 395
1269 394
1269 393
1269 392
1269 391
1269 390
1269 389
1269 388
1269 387
1269 386
1269 385
1269 384
1269 383
1269 382
1269 381
1270 380
1270 379
1271 378
1272 377
1272 376
1272 375
1272 374
1272 373
1272 372
1272 371
1272 370
1272 369
1272 368
1272 367
1272 366
1272 365
1272 364
1272 363
1272 362
1272 361
1272 360
1272 359
1272 358
1272 357
1272 356
1272 355
1272 354
1272 353
1272 352
1272 351
1272 350
1272 349
1272 348
1272 347
1272 346
1272 345
1272 344
1272 343
1272 342
1272 341
1272 340
1272 339
1272 338
1272 337
1272 336
1272 335
1272 334
1272 333
1272 332
1272 331
1272 330
1272 329
1272 328
1272 327
1272 326
1272 325
1272 324
1272 323
1272 322
1272 321
1272 320
1272 319
1272 318
1272 317
1272 316
1272 315
1272 314
1272 313
1271 312
1270 311
1269 310
1268 309
1267 308
1266 307
1265 306
1264 305
1263 304
1262 303
1261 302
1260 301
1259 300
1258 299
1257 298
1256 297
1256 296
1255 295
1255 294
1255 293
1255 292
1255 291
1255 290
1255 289
1255 288
1255 287
1255 286
1255 285
1255 284
1255 283
1255 282
1255 281
1255 280
1255 279
1255 278
1255 277
1255 276
1255 275
1255 274
1255 273
1255 272
1255 271
1255 270
1255 269
1255 268
1255 267
1255 266
1255 265
1255 264
1255 263
1255 262
1255 261
1255 260
1255 259
1255 258
1255 257
1255 256
1255 255
1255 254
1255 253
1255 252
1255 251
1255 250
1255 249
1255 248
1255 247
1255 246
1255 245
1255 244
1255 243
1255 242
1255 241
1255 240
1254 239
1254 238
1253 237
1253 236
1253 235
1252 234
1252 233
1251 232
1251 231
1252 230
1253 229
1253 228
1254 227
1254 226
1254 225
1254 224
1254 223
1254 222
1254 221
1254 220
1254 219
1254 218
1254 217
1254 216
1254 215
1254 214
1254 213
1254 212
1254 211
1254 210
1254 209
1254 208
1254 207
1254 206
1254 205
1254 204
1254 203
1254 202
1254 201
1254 200
1254 199
1254 198
1254 197
1254 196
1254 195
1254 194
1254 193
1254 192
1254 191
1254 190
1254 189
1254 188
1254 187
1254 186
1254 185
1254 184
1254 183
1254 182
1254 181
1254 180
1254 179
1254 178
1254 177
1254 176
1254 175
1254 174
1254 173
1255 172
1256 171
1257 170
1258 169
1259 168
1260 167
1261 166
1262 165
1263 164
1264 163
1265 162
1266 161
1267 160
1268 159
1269 158
1270 157
1271 156
1272 156
1273 156
1274 156
1275 156
1276 156
1277 156
1278 156
1279 156
1280 156
1281 156
1282 156
1283 155
1283 154
1283 153
1283 152
1283 151
1283 150
1283 149
1283 148
1283 147
1283 146
1283 145
1283 144
1283 143
1283 142
1283 141
1283 140
1283 139
1284 138
1284 137
1285 136
1285 135
1286 134
1286 133
1287 132
1287 131
1288 130
1288 129
1289 128
1290 127
1290 126
1290 125
1290 124
1291 123
1291 122
1291 121
1292 120
1292 119
1292 118
1293 117
1293 116
1293 115
1294 114
1294 113
1294 112
1295 111
1295 110
1295 109
1295 108
1295 107
1296 106
1296 105
1296 104
1296 103
1297 102
1297 101
1297 100
1297 99
1298 98
1298 97
1298 96
1298 95
1299 94
1299 93
1299 92
1299 91
1300 90
1300 89
1301 88
1302 87
1303 86
1303 85
1303 85
1303 86
1303 87
1303 88
1303 89
1303 90
1303 91
1303 92
1303 93
1303 94
1303 95
1303 96
1303 97
1303 98
1303 99
1303 100
1303 101
1303 102
1303 103
1303 104
1303 105
1303 106
1303 107
1303 108
1303 109
1303 110
1303 111
1303 112
1303 113
1303 114
1303 115
1303 116
1303 117
1303 118
1303 119
1303 120
1302 121
1302 122
1302 123
1302 124
1302 125
1302 126
1302 127
1302 128
1301 129
1301 130
1300 131
1300 132
1299 133
1299 134
1299 135
1298 136
1298 137
1297 138
1297 139
1297 140
1297 141
1298 142
1298 143
1299 144
1299 145
1299 146
1299 147
1300 148
1300 149
1300 150
1300 151
1301 152
1301 153
1301 154
1301 155
1302 156
1302 157
1302 158
1302 159
1302 160
1302 161
1302 162
1302 163
1302 164
1302 165
1302 166
1302 167
1302 168
1301 169
1300 170
1300 171
1300 172
1300 173
1300 174
1300 175
1300 176
1300 177
1300 178
1300 179
1300 180
1300 181
1300 182
1300 183
1300 184
1300 185
1300 186
1300 187
1300 188
1299 189
1298 190
1297 191
1296 192
1295 193
1295 194
1294 195
1294 196
1293 197
1293 198
1292 199
1292 200
1291 201
1291 202
1290 203
1290 204
1289 205
1289 206
1289 207
1288 208
1288 209
1288 210
1288 211
1287 212
1288 213
1288 214
1288 215
1288 216
1288 217
1288 218
1288 219
1288 220
1288 221
1288 222
1288 223
1288 224
1288 225
1288 226
1288 227
1288 228
1288 229
1289 230
1289 231
1289 232
1289 233
1289 234
1289 235
1289 236
1289 237
1289 238
1289 239
1289 240
1289 241
1289 242
1290 243
1290 244
1290 245
1290 246
1290 247
1290 248
1290 249
1290 250
1290 251
1290 252
1290 253
1291 254
1291 255
1291 256
1291 257
1291 258
1291 259
1292 260
1292 261
1293 262
1293 263
1293 264
1294 265
1294 266
1295 267
1296 268
1296 269
1297 270
1298 271
1298 272
1299 273
1300 274
1301 275
1301 276
1301 277
1302 278
1302 279
1302 280
1302 281
1302 282
1303 283
1303 284
1303 285
1304 286
1304 287
1305 288
1306 289
1306 290
1307 291
1307 292
1308 293
1308 294
1309 295
1310 296
1310 297
1311 298
1311 299
1312 300
1312 301
1313 302
1313 303
1314 304
1314 305
1315 306
1315 307
1316 308
1316 309
1317 310
1317 311
1317 312
1318 313
1319 314
1319 315
1320 316
1321 317
1321 318
1321 319
1322 320
1322 321
1322 322
1323 323
1323 324
1324 325
1324 326
1325 327
1326 328
1326 329
1327 330
1328 331
1328 332
1329 333
1330 334
1330 335
1330 336
1331 337
1331 338
1331 339
1332 340
1332 341
1332 342
1333 343
1333 344
1333 345
1334 346
1334 347
1334 348
1335 349
1335 350
1336 351
1336 352
1337 353
1337 354
1338 355
1338 356
1339 357
1340 358
1340 359
1341 360
1341 361
1342 362
1342 363
1343 364
1343 365
1344 366
1345 367
1345 368
1346 369
1346 370
1347 371
1348 372
1349 373
1350 373
1351 374
1352 375
1353 376
1354 376
1355 377
1356 378
1357 378
1358 379
1359 380
1360 380
1361 381
1362 382
1363 383
1363 384
1363 385
1363 386
1364 387
1363 388
1362 389
1361 390
1362 391
1361 392
1360 393
1359 394
1360 395
1359 396
1358 397
1357 398
1357 399
1356 400
1355 401
1354 402
1355 403
1355 404
1356 405
1356 406
1357 407
1357 408
1358 409
1358 410
1358 411
1359 411
1359 412
1359 413
1360 414
1360 415
1361 416
1361 417
1362 418
1362 419
1363 420
1363 421
1363 422
1363 423
1363 424
1363 425
1364 426
1364 427
1364 428
1364 429
1364 430
1365 431
1365 432
1365 433
1365 434
1366 435
1366 436
1366 437
1366 438
1366 439
1367 440
1367 441
1367 442
1367 443
1367 444
1368 445
1369 446
1369 447
1369 448
1369 449
1369 450
1369 451
1369 452
1369 453
1370 454
1370 455
1370 456
1370 457
1370 458
1370 459
1370 460
1370 461
1370 462
1370 463
1370 464
1370 465
1370 466
1370 467
1370 468
1370 469
1370 470
1370 471
1370 472
1370 473
1370 474
1370 475
1370 476
1370 477
1370 478
1370 479
1370 480
1370 481
1370 482
1370 483
1370 484
1370 485
1370 486
1369 487
1369 488
1369 489
1369 490
1369 491
1369 492
1368 493
1368 494
1368 495
1368 496
1367 497
1367 498
1367 499
1366 500
1366 501
1366 502
1366 503
1365 504
1365 505
1365 506
1364 507
1364 508
1364 509
1364 510
1363 511
1363 512
1363 513
1362 514
1362 515
1362 516
1361 517
1361 518
1361 519
1360 520
1360 521
1360 522
1359 523
1359 524
1359 525
1359 526
1359 527
1359 528
1359 529
1359 530
1359 531
1359 532
1359 533
1359 534
1359 535
1359 536
1359 537
1359 538
1359 539
1359 540
1359 541
1359 542
1360 543
1360 544
1360 545
1360 546
1360 547
1361 548
1361 549
1361 550
1362 551
1363 552
1364 553
1365 554
1366 555
1367 556
1368 557
1369 558
1370 559
1371 560
1371 561
1371 562
1372 563
1371 564
1372 565
1372 566
1373 567
1373 568
1373 569
1373 570
1373 571
1374 572
1374 573
1374 574
1374 575
1375 576
1375 577
1375 578
1375 579
1375 580
1375 581
1375 582
1375 583
1375 584
1375 585
1375 586
1375 587
1375 588
1375 589
1375 590
1375 591
1375 592
1376 593
1377 594
1378 595
1379 596
1380 597
1379 598
1380 599
1381 600
1382 601
1383 602
1384 603
1384 604
1385 605
1386 606
1387 607
1386 608
1387 609
1388 610
1389 611
1390 612
1391 613
1392 613
1393 614
1393 615
1394 616
1394 617
1394 618
1394 619
1395 620
1395 621
1395 622
1396 623
1396 624
1397 625
1398 626
1398 627
1399 628
1399 629
1400 630
1401 631
1401 632
1402 633
1402 634
1403 635
1403 636
1404 637
1405 638
1405 639
1406 640
1407 641
1408 642
1409 643
1409 644
1410 645
1411 646
1411 647
1412 648
1412 649
1413 650
1414 651
1413 652
1414 653
1415 654
1415 655
1415 656
1415 657
1416 658
1416 659
1416 660
1417 661
1418 661
1419 662
1419 663
1420 664
1420 665
1421 666
1421 667
1422 668
1422 669
1423 670
1424 671
1424 672
1425 673
1425 674
1426 675
1426 676
1427 677
1428 678
1428 679
1429 680
1429 681
1430 682
1430 683
1431 684
1432 685
1432 686
1433 687
1433 688
1434 689
1434 690
1434 691
1435 692
1435 693
1435 694
1436 695
1436 696
1437 697
1437 698
1437 699
1438 700
1438 701
1439 702
1439 703
1440 704
1440 705
1440 706
1441 707
1441 708
1442 709
1442 710
1443 711
1443 712
1444 713
1444 714
1444 715
1445 716
1445 717
1446 718
1446 719
1446 720
1447 721
1447 722
1447 723
1447 724
1446 725
1447 726
1448 726
1449 727
1448 728
1449 729
1449 730
1450 731
1451 731
1452 732
1451 733
1452 734
1451 735
1452 736
1452 737
1453 738
1454 738
1455 739
1454 740
1455 741
1454 742
1455 743
1455 744
1456 745
1457 745
1458 746
1459 746
1460 747
1459 748
1460 749
1461 750
1462 751
1462 752
1462 753
1462 754
1463 755
1463 756
1463 757
1463 758
1463 759
1463 760
1463 761
1464 762
1464 763
1464 764
1464 765
1464 766
1464 767
1464 768
1465 769
1465 770
1465 771
1465 772
1465 773
1465 774
1465 775
1465 776
1465 777
1465 778
1466 779
1467 780
1468 781
1469 782
1470 783
1471 784
1472 785
1473 786
1474 787
1475 788
1476 789
1476 790
1477 791
1478 792
1479 793
1480 794
1481 795
1481 796
1482 797
1483 798
1484 799
1485 800
1486 801
1487 802
1488 803
1489 804
1490 804
1491 804
1492 804
1493 804
1494 804
1495 805
1496 805
1497 805
1498 805
1499 805
1500 805
1501 806
1502 806
1503 806
1504 806
1505 806
1506 807
1507 807
1508 807
1509 807
1510 807
1511 807
1512 808
1513 808
1514 809
1515 810
1516 811
1517 811
1518 812
1519 813
1520 814
1521 814
1522 815
1523 816
1524 817
1525 817
1526 818
1527 819
1528 820
1529 820
1530 821
1531 822
1532 823
1533 823
1534 824
1535 825
1536 826
1537 827
1538 827
1539 826
1540 826
1541 826
1542 825
1543 825
1544 825
1545 824
1546 824
1547 824
1548 823
1549 823
1550 823
1551 822
1552 822
1553 822
1554 821
1555 822
1555 823
1555 824
1555 825
1556 826
1557 827
1557 828
1558 828
1559 828
1560 829
1561 829
1562 830
1563 830
1564 831
1565 831
1566 832
1567 832
1568 833
1569 833
1570 833
1571 834
1572 834
1573 834
1574 834
1575 834
1576 835
1577 836
1577 837
1578 838
1578 839
1579 840
1580 841
1581 842
1582 843
1583 844
1583 845
1584 846
1585 847
1586 848
1587 849
1587 850
1587 851
1587 852
1587 853
1587 854
1587 855
1587 856
1587 857
1587 858
1587 859
1587 860
1587 861
1587 862
1587 863
1587 864
1587 865
1587 866
1587 867
1587 868
1587 869
1587 870
1587 871
1587 872
1587 873
1587 874
1587 875
1587 876
1587 877
1587 878
1587 879
1587 880
1587 881
1587 882
1587 883
1587 884
1587 885
1587 886
1587 887
1587 888
1587 889
1587 890
1587 891
1587 892
1587 893
1587 894
1587 895
1587 896
1587 897
1587 898
1587 899
1587 900
1587 901
1587 902
1587 903
1587 904
1587 905
1587 906
1587 907
1587 908
1587 909
1587 910
1587 911
1587 912
1587 913
1587 914
1587 915
1587 916
1587 917
1587 918
1587 919
1587 920
1587 921
1587 922
1587 923
1587 924
1587 925
1587 926
1587 927
1587 928
1587 929
1587 930
1587 931
1587 932
1587 933
1587 934
1587 935
1587 936
1587 937
1587 938
1587 939
1587 940
1587 941
1587 942
1587 943
1587 944
1587 945
1587 946
1587 947
1587 948
1587 949
1587 950
1587 951
1587 952
1587 953
1587 954
1587 955
1587 956
1587 957
1587 958
1587 959
1587 960
1587 961
1587 962
1587 963
1587 964
1587 965
1587 966
1587 967
1587 968
1587 969
1587 970
1587 971
1587 972
1587 973
1587 974
1587 975
1587 976
1587 977
1587 978
1587 979
1587 980
1587 981
1587 982
1587 983
1587 984
1587 985
1587 986
1587 987
1587 988
1587 989
1587 990
1587 991
1587 992
1587 993
1587 994
1587 995
1587 996
1586 997
1585 998
1585 999
1585 1000
1585 1001
1585 1002
1585 1003
1585 1004
1585 1005
1585 1006
1585 1007
1585 1008
1585 1009
1585 1010
1585 1011
1585 1012
1585 1013
1585 1014
1585 1015
1585 1016
1585 1017
1585 1018
1585 1019
1585 1020
1585 1021
1585 1022
1585 1023
1585 1024
1585 1025
1585 1026
1585 1027
1585 1028
1585 1029
1585 1030
1585 1031
1585 1032
1585 1033
1585 1034
1585 1035
1585 1036
1585 1037
1585 1038
1585 1039
1585 1040
1585 1041
1585 1042
1585 1043
1585 1044
1585 1045
1585 1046
1585 1047
1585 1048
1585 1049
1585 1050
1585 1051
1585 1052
1585 1053
1585 1054
1585 1055
1585 1056
1585 1057
1585 1058
1585 1059
1585 1060
1585 1061
1585 1062
1585 1063
1585 1064
1585 1065
1585 1066
1585 1067
1585 1068
1585 1069
1585 1070
1585 1071
1585 1072
1585 1073
1585 1074
1585 1075
1585 1076
1585 1077
1585 1078
1585 1079
1585 1080
1585 1081
1585 1082
1585 1083
1585 1084
1585 1085
1585 1086
1585 1087
1585 1088
1585 1089
1585 1090
1585 1091
1585 1092
1585 1093
1585 1094
1585 1095
1585 1096
1585 1097
1585 1098
1585 1099
1585 1100
1585 1101
1585 1102
1584 1103
1584 1104
1584 1105
1584 1106
1584 1107
1584 1108
1584 1109
1584 1110
1584 1111
1584 1112
1584 1113
1584 1114
1583 1115
1583 1116
1583 1117
1583 1118
1583 1119
1583 1120
1583 1121
1583 1122
1583 1123
1583 1124
1583 1125
1583 1126
1583 1127
1583 1128
1583 1129
1583 1130
1583 1131
1583 1132
1583 1133
1583 1134
1583 1135
1583 1136
1583 1137
1583 1138
1583 1139
1583 1140
1583 1141
1583 1142
1583 1143
1583 1144
1583 1145
1583 1146
1583 1147
1583 1148
1583 1149
1583 1150
1583 1151
1583 1152
1583 1153
1583 1154
1583 1155
1583 1156
1583 1157
1583 1158
1583 1159
1583 1160
1583 1161
1583 1162
1583 1163
1583 1164
1583 1165
1583 1166
1583 1167
1583 1168
1583 1169
1583 1170
1583 1171
1583 1172
1583 1173
1583 1174
1583 1175
1583 1176
1583 1177
1583 1178
1583 1179
1583 1180
1583 1181
1583 1182
1583 1183
1583 1184
1583 1185
1583 1186
1583 1187
1583 1188
1583 1189
1584 1190
1585 1191
1586 1192
1586 1193
1587 1194
1587 1195
1587 1196
1587 1197
1587 1198
1587 1199
1587 1200
1587 1201
1587 1202
1587 1203
1587 1204
1587 1205
1587 1206
1587 1207
1588 1208
1587 1209
1587 1210
1587 1211
1587 1212
1587 1213
1587 1214
1587 1215
1587 1216
1587 1217
1587 1218
1586 1219
1586 1220
1586 1221
1586 1222
1585 1223
1585 1224
1585 1225
1585 1226
1585 1227
1585 1228
1585 1229
1585 1230
1585 1231
1585 1232
1585 1233
1585 1234
1585 1235
1585 1236
1585 1237
1585 1238
1585 1239
1585 1240
1585 1241
1585 1242
1585 1243
1585 1244
1585 1245
1584 1246
1584 1247
1583 1248
1582 1249
1582 1250
1582 1251
1582 1252
1581 1253
1581 1254
1580 1255
1580 1256
1580 1257
1579 1258
1579 1259
1578 1260
1578 1261
1578 1262
1577 1263
1577 1264
1577 1265
1577 1266
1577 1267
1576 1268
1576 1269
1576 1270
1577 1271
1577 1272
1577 1273
1577 1274
1577 1275
1577 1276
1577 1277
1577 1278
1577 1279
1577 1280
1577 1281
1577 1282
1577 1283
1577 1284
1577 1285
1577 1286
1577 1287
1577 1288
1577 1289
1577 1290
1577 1291
1577 1292
1577 1293
1577 1294
