209 1470
210 1469
211 1468
212 1467
213 1466
214 1465
215 1464
216 1463
217 1462
218 1461
218 1460
219 1459
220 1458
221 1457
221 1456
222 1455
223 1454
223 1453
224 1452
225 1451
225 1450
226 1449
227 1448
227 1447
228 1446
228 1445
229 1444
230 1443
230 1442
231 1441
231 1440
232 1439
233 1438
233 1437
234 1436
235 1435
236 1434
237 1433
238 1432
239 1431
240 1430
241 1429
242 1428
243 1427
244 1426
245 1425
246 1424
247 1423
248 1422
249 1421
250 1420
251 1419
252 1418
253 1417
254 1416
255 1415
256 1414
257 1413
258 1412
259 1411
260 1410
261 1409
262 1408
262 1407
262 1406
262 1405
262 1404
262 1403
262 1402
262 1401
262 1400
262 1399
262 1398
262 1397
262 1396
262 1395
262 1394
262 1393
262 1392
263 1391
263 1390
264 1389
265 1388
266 1387
267 1386
268 1385
268 1384
269 1383
270 1382
271 1381
272 1380
273 1379
274 1378
275 1377
276 1376
277 1375
278 1374
279 1373
280 1372
281 1371
282 1370
283 1369
284 1368
285 1367
286 1366
287 1365
288 1364
289 1363
290 1362
291 1361
292 1360
292 1359
293 1358
294 1357
295 1356
296 1355
297 1354
298 1353
299 1352
300 1351
301 1350
302 1349
303 1348
304 1347
305 1346
306 1345
307 1344
308 1343
309 1342
310 1341
311 1340
312 1339
313 1338
314 1337
315 1336
316 1335
317 1334
318 1333
319 1332
320 1331
321 1330
322 1329
323 1328
324 1327
325 1326
326 1325
327 1324
328 1323
329 1322
330 1321
331 1320
332 1319
333 1318
334 1317
335 1316
336 1315
337 1314
338 1313
339 1312
340 1311
341 1310
342 1309
343 1308
344 1307
345 1306
346 1305
347 1304
348 1303
349 1302
350 1301
351 1300
352 1299
353 1298
354 1297
355 1296
356 1295
357 1294
358 1293
359 1292
360 1291
361 1290
362 1289
363 1288
364 1287
364 1286
364 1285
364 1284
364 1283
364 1282
364 1281
364 1280
364 1279
364 1278
365 1277
365 1276
365 1275
365 1274
365 1273
365 1272
365 1271
365 1270
365 1269
365 1268
365 1267
365 1266
365 1265
365 1264
365 1263
365 1262
365 1261
365 1260
365 1259
365 1258
365 1257
366 1256
366 1255
366 1254
366 1253
367 1252
367 1251
367 1250
368 1249
368 1248
368 1247
368 1246
369 1245
369 1244
369 1243
369 1242
369 1241
369 1240
370 1239
371 1238
372 1237
373 1236
374 1235
375 1234
376 1233
377 1232
378 1231
379 1230
380 1229
381 1228
382 1227
383 1226
384 1225
385 1224
386 1223
387 1222
388 1221
389 1220
390 1219
391 1218
392 1217
392 1216
392 1215
392 1214
392 1213
392 1212
392 1211
393 1210
394 1209
394 1208
395 1207
395 1206
396 1205
396 1204
397 1203
397 1202
398 1201
399 1200
399 1199
400 1198
400 1197
401 1196
401 1195
402 1194
402 1193
403 1192
404 1191
404 1190
405 1189
406 1188
407 1187
408 1186
408 1185
409 1184
410 1183
411 1182
412 1181
412 1180
413 1179
414 1178
415 1177
415 1176
416 1175
416 1174
417 1173
418 1172
419 1171
419 1170
420 1169
420 1168
421 1167
421 1166
422 1165
422 1164
423 1163
423 1162
424 1161
424 1160
425 1159
426 1158
426 1157
426 1156
426 1155
427 1154
428 1153
428 1152
429 1151
429 1150
429 1149
429 1148
429 1147
429 1146
429 1145
429 1144
429 1143
429 1142
429 1141
429 1140
429 1139
429 1138
429 1137
429 1136
429 1135
429 1134
429 1133
429 1132
429 1131
429 1130
429 1129
429 1128
429 1127
429 1126
429 1125
429 1124
430 1123
430 1122
431 1121
432 1120
432 1119
432 1118
432 1117
432 1116
432 1115
432 1114
432 1113
432 1112
432 1111
432 1110
432 1109
432 1108
432 1107
432 1106
432 1105
432 1104
432 1103
432 1102
432 1101
432 1100
432 1099
432 1098
432 1097
432 1096
432 1095
432 1094
432 1093
432 1092
432 1091
432 1090
432 1089
432 1088
432 1087
432 1086
432 1085
432 1084
432 1083
432 1082
432 1081
432 1080
432 1079
432 1078
432 1077
432 1076
432 1075
432 1074
432 1073
432 1072
432 1071
432 1070
432 1069
432 1068
432 1067
432 1066
432 1065
432 1064
432 1063
432 1062
432 1061
432 1060
432 1059
432 1058
432 1057
432 1056
432 1055
433 1054
434 1053
435 1052
436 1051
437 1050
438 1050
439 1049
440 1048
441 1047
442 1046
443 1045
444 1044
445 1043
446 1042
447 1041
448 1040
449 1039
450 1038
451 1037
452 1036
453 1035
454 1034
455 1033
456 1032
457 1031
458 1030
459 1029
460 1028
461 1027
462 1026
463 1025
464 1024
465 1023
466 1022
467 1021
468 1020
469 1019
470 1018
471 1017
472 1016
473 1016
474 1015
475 1014
476 1013
477 1012
478 1011
479 1010
480 1009
481 1008
482 1007
483 1006
484 1005
485 1004
486 1003
487 1002
488 1002
489 1002
490 1002
491 1002
492 1002
493 1002
494 1002
495 1002
496 1001
497 1001
498 1001
499 1000
500 1000
501 1000
502 999
503 999
504 998
505 998
506 998
507 997
508 997
509 997
510 996
511 996
512 996
513 996
514 996
515 996
516 995
517 994
518 993
519 992
520 992
521 991
522 990
523 989
524 988
525 987
526 987
527 986
528 985
529 984
530 984
531 983
532 982
533 982
534 981
535 980
536 980
537 979
538 979
539 978
540 977
541 977
542 976
543 976
544 975
545 975
546 974
547 973
548 973
549 972
550 971
551 971
552 970
553 969
554 969
555 968
556 967
557 967
558 966
559 965
560 965
561 964
562 964
563 963
564 962
565 962
566 961
567 961
568 960
569 960
570 959
571 958
572 958
573 957
574 956
575 956
576 955
577 954
578 954
579 953
580 953
581 952
582 952
583 952
584 952
585 952
586 952
587 952
588 952
589 952
590 952
591 952
592 952
593 952
594 952
595 952
596 952
597 952
598 952
599 952
600 952
601 952
602 952
603 951
604 951
605 951
606 950
607 949
608 949
609 948
610 947
611 947
612 946
613 945
614 945
615 944
616 944
617 943
618 942
619 941
620 940
621 939
622 938
623 937
624 936
625 935
626 934
627 933
628 932
629 931
630 930
631 929
632 928
633 927
634 926
635 925
636 924
637 923
638 922
639 921
640 920
641 919
642 918
643 917
644 916
645 915
646 914
647 913
648 912
649 912
650 911
651 910
652 909
653 908
654 907
655 906
656 905
657 904
658 904
659 903
660 903
661 903
662 903
663 903
664 902
665 902
666 901
667 900
668 899
669 898
670 897
671 896
672 895
673 894
674 893
675 892
676 891
677 890
678 889
679 889
680 888
681 887
682 887
683 887
684 886
685 886
686 885
687 884
688 884
689 883
690 882
691 882
692 881
693 880
694 880
695 879
696 879
697 878
698 878
699 878
700 877
701 877
702 877
703 876
704 876
705 875
706 875
707 875
708 874
709 874
710 874
711 873
712 873
713 872
714 871
715 871
716 870
717 869
718 869
719 868
720 867
721 867
722 866
723 866
724 865
725 864
726 864
727 863
728 862
729 862
730 861
731 860
732 860
733 859
734 858
735 858
736 857
737 856
738 856
739 855
740 854
741 854
742 854
743 854
744 853
745 853
746 852
747 852
748 851
749 851
750 851
751 850
752 850
753 849
754 849
755 848
756 848
757 848
758 847
759 847
760 846
761 846
762 845
763 845
764 845
765 844
766 844
767 843
768 843
769 843
770 842
771 842
772 841
773 841
774 840
775 840
776 839
777 839
778 838
779 838
780 837
781 837
782 837
783 836
784 836
785 835
786 835
787 834
788 834
789 833
790 833
791 832
792 832
793 831
794 831
795 831
796 830
797 830
798 829
799 829
800 829
801 828
802 828
803 827
804 827
805 826
806 826
807 826
808 825
809 825
810 824
811 824
812 824
813 823
814 823
815 822
816 822
817 821
818 821
819 821
820 820
821 820
822 819
823 819
824 819
825 818
826 818
827 817
828 817
829 817
830 817
831 817
832 817
833 817
834 817
835 817
836 817
837 817
838 817
839 817
840 817
841 817
842 817
843 817
844 817
845 817
846 817
847 817
848 817
849 817
850 817
851 817
852 817
853 817
854 817
855 817
856 817
857 817
858 817
859 817
860 817
861 817
862 817
863 817
864 817
865 817
866 817
867 817
868 817
869 817
870 817
871 817
872 817
873 817
874 817
875 817
876 817
877 817
878 817
879 817
880 817
881 817
882 817
883 817
884 817
885 817
886 817
887 817
888 817
889 817
890 817
891 817
892 817
893 817
894 817
895 817
896 817
897 817
898 817
899 817
900 817
901 817
902 817
903 817
904 817
905 817
906 817
907 817
908 817
909 817
910 817
911 817
912 817
913 817
914 817
915 817
916 817
917 817
918 817
919 817
920 817
921 817
922 817
923 817
924 817
925 817
926 817
927 817
928 817
929 817
930 817
931 817
932 817
933 817
934 817
935 817
936 817
937 817
938 817
939 817
940 817
941 817
942 817
943 817
944 817
945 817
946 817
947 817
948 817
949 817
950 817
951 817
952 817
953 817
954 817
955 817
956 817
957 817
958 817
959 817
960 817
961 817
962 817
963 817
964 817
965 817
966 817
967 817
968 817
969 817
970 817
971 817
972 817
973 817
974 817
975 817
976 817
977 817
978 817
979 817
980 817
981 817
982 817
983 817
984 817
985 817
986 817
987 817
988 817
989 817
990 817
991 817
992 817
993 817
994 817
995 817
996 817
997 817
998 817
999 817
1000 817
1001 817
1002 817
1003 817
1004 817
1005 817
1006 817
1007 817
1008 817
1009 817
1010 817
1011 817
1012 817
1013 817
1014 817
1015 817
1016 817
1017 817
1018 817
1019 817
1020 817
1021 817
1022 817
1023 817
1024 817
1025 817
1026 817
1027 817
1028 817
1029 817
1030 817
1031 817
1032 817
1033 817
1034 817
1035 817
1036 817
1037 817
1038 817
1039 817
1040 817
1041 817
1042 817
1043 817
1044 817
1045 817
1046 817
1047 817
1048 817
1049 817
1050 817
1051 817
1052 817
1053 817
1054 817
1055 817
1056 817
1057 817
1058 817
1059 817
1060 817
1061 817
1062 817
1063 817
1064 817
1065 817
1066 817
1067 817
1068 817
1069 817
1070 817
1071 817
1072 817
1073 817
1074 817
1075 817
1076 817
1077 817
1078 817
1079 817
1080 817
1081 817
1082 817
1083 817
1084 817
1085 817
1086 817
1087 817
1088 817
1089 817
1090 817
1091 817
1092 817
1093 817
1094 817
1095 817
1096 817
1097 817
1098 817
1099 817
1100 817
1101 817
1102 817
1103 817
1104 817
1105 817
1106 817
1107 817
1108 817
1109 817
1110 817
1111 817
1112 817
1113 817
1114 816
1115 815
1116 814
1117 813
1118 812
1119 811
1120 810
1121 809
1122 808
1123 807
1124 806
1125 805
1126 804
1127 803
1128 802
1129 801
1130 800
1131 799
1132 798
1133 797
1134 796
1135 795
1136 794
1137 793
1138 792
1139 791
1140 790
1141 789
1142 788
1143 787
1143 786
1143 785
1143 784
1143 783
1144 782
1144 781
1144 780
1144 779
1144 778
1144 777
1144 776
1145 775
1145 774
1145 773
1146 772
1147 771
1147 770
1148 769
1149 768
1150 767
1151 766
1152 765
1153 764
1154 763
1155 762
1156 761
1157 760
1158 759
1159 758
1160 757
1161 756
1162 755
1163 754
1164 753
1165 752
1166 751
1167 750
1168 749
1169 748
1170 747
1171 746
1172 745
1173 744
1174 743
1174 742
1174 741
1174 740
1174 739
1175 738
1176 737
1176 736
1176 735
1176 734
1176 733
1176 732
1176 731
1176 730
1176 729
1176 728
1176 727
1176 726
1176 725
1176 724
1176 723
1176 722
1176 721
1176 720
1176 719
1176 718
1176 717
1176 716
1176 715
1176 714
1176 713
1176 712
1176 711
1176 710
1176 709
1176 708
1176 707
1176 706
1176 705
1176 704
1176 703
1177 702
1178 701
1178 700
1179 699
1180 698
1181 697
1181 696
1182 695
1183 694
1183 693
1184 692
1185 691
1185 690
1186 689
1187 688
1188 687
1188 686
1189 685
1190 684
1190 683
1191 682
1192 681
1192 680
1193 679
1194 678
1194 677
1195 676
1195 675
1196 674
1196 673
1197 672
1197 671
1198 670
1198 669
1199 668
1200 667
1201 666
1202 665
1202 664
1203 663
1204 662
1205 661
1205 660
1205 659
1206 658
1206 657
1206 656
1207 655
1207 654
1207 653
1207 652
1207 651
1207 650
1207 649
1207 648
1207 647
1207 646
1208 645
1208 644
1208 643
1209 642
1210 641
1211 640
1212 639
1213 638
1214 637
1215 636
1216 635
1217 634
1217 633
1217 632
1217 631
1217 630
1217 629
1218 628
1218 627
1218 626
1218 625
1218 624
1218 623
1218 622
1218 621
1218 620
1218 619
1218 618
1218 617
1218 616
1219 615
1220 614
1221 613
1222 612
1223 611
1224 610
1225 609
1226 608
1226 607
1226 606
1226 605
1226 604
1227 603
1228 602
1229 601
1230 600
1230 599
1231 598
1231 597
1231 596
1231 595
1231 594
1231 593
1231 592
1232 591
1232 590
1233 589
1234 588
1234 587
1235 586
1235 585
1236 584
1237 583
1237 582
1238 581
1238 580
1239 579
1239 578
1240 577
1240 576
1241 575
1241 574
1241 573
1242 572
1242 571
1243 570
1243 569
1244 568
1244 567
1245 566
1245 565
1246 564
1246 563
1247 562
1247 561
1248 560
1248 559
1248 558
1249 557
1250 556
1250 555
1250 554
1251 553
1251 552
1252 551
1252 550
1253 549
1253 548
1254 547
1254 546
1255 545
1255 544
1256 543
1257 542
1257 541
1258 540
1258 539
1259 538
1260 537
1260 536
1261 535
1261 534
1262 533
1263 532
1263 531
1264 530
1265 529
1265 528
1266 527
1266 526
1267 525
1268 524
1268 523
1268 522
1268 521
1269 520
1269 519
1269 518
1269 517
1269 516
1269 515
1269 514
1269 513
1269 512
1269 511
1269 510
1269 509
1269 508
1269 507
1269 506
1269 505
1269 504
1269 503
1269 502
1269 501
1269 500
1269 499
1269 498
1269 497
1269 496
1269 495
1269 494
1269 493
1269 492
1269 491
1269 490
1269 489
1269 488
1269 487
1269 486
1269 485
1269 484
1269 483
1269 482
1269 481
1269 480
1269 479
1269 478
1269 477
1269 476
1269 475
1269 474
1269 473
1269 472
1269 471
1269 470
1269 469
1269 468
1269 467
1269 466
1269 465
1269 464
1269 463
1269 462
1269 461
1269 460
1269 459
1269 458
1269 457
1269 456
1269 455
1269 454
1269 453
1269 452
1269 451
1269 450
1269 449
1269 448
1269 447
1269 446
1269 445
1269 444
1269 443
1269 442
1269 441
1269 440
1269 439
1269 438
1269 437
1269 436
1269 435
1269 434
1269 433
1269 432
1269 431
1269 430
1269 429
1269 428
1269 427
1269 426
1269 425
1269 424
1269 423
1269 422
1269 421
1269 420
1269 419
1269 418
1269 417
1269 416
1269 415
1269 414
1269 413
1269 412
1269 411
1269 410
1269 409
1269 408
1269 407
1269 406
1269 405
1269 404
1269 403
1269 402
1269 401
1269 400
1269 399
1269 398
1269 397
1269 396
1269 395
1269 394
1269 393
1269 392
1269 391
1269 390
1269 389
1269 388
1269 387
1269 386
1269 385
1269 384
1269 383
1269 382
1269 381
1270 380
1270 379
1270 378
1270 377
1270 376
1270 375
1270 374
1270 373
1270 372
1270 371
1270 370
1270 369
1270 368
1270 367
1270 366
1270 365
1270 364
1270 363
1270 362
1270 361
1270 360
1270 359
1270 358
1270 357
1270 356
1270 355
1270 354
1270 353
1270 352
1270 351
1270 350
1270 349
1270 348
1270 347
1270 346
1270 345
1270 344
1270 343
1270 342
1270 341
1270 340
1270 339
1270 338
1270 337
1270 336
1270 335
1270 334
1271 333
1272 332
1273 331
1273 330
1273 329
1273 328
1273 327
1273 326
1273 325
1273 324
1273 323
1273 322
1273 321
1273 320
1273 319
1273 318
1273 317
1273 316
1273 315
1273 314
1273 313
1273 312
1273 311
1273 310
1273 309
1273 308
1273 307
1274 306
1274 305
1274 304
1274 303
1274 302
1274 301
1274 300
1274 299
1275 298
1275 297
1276 296
1276 295
1277 294
1277 293
1277 292
1278 291
1278 290
1279 289
1279 288
1279 287
1280 286
1280 285
1280 284
1281 283
1281 282
1281 281
1282 280
1282 279
1282 278
1282 277
1283 276
1283 275
1283 274
1283 273
1284 272
1284 271
1285 270
1286 269
1286 268
1287 267
1287 266
1288 265
1289 264
1289 263
1290 262
1290 261
1291 260
1292 259
1292 258
1293 257
1293 256
1293 255
1293 254
1293 253
1293 252
1294 251
1294 250
1294 249
1294 248
1294 247
1294 246
1295 245
1295 244
1295 243
1295 242
1295 241
1295 240
1296 239
1296 238
1296 237
1296 236
1296 235
1296 234
1297 233
1297 232
1297 231
1297 230
1297 229
1297 228
1297 227
1298 226
1299 225
1300 224
1301 223
1301 222
1301 221
1301 220
1301 219
1301 218
1301 217
1301 216
1301 215
1301 214
1301 213
1302 212
1303 211
1304 210
1305 209
1306 208
1307 207
1308 206
1309 205
1310 204
1311 203
1312 202
1313 201
1314 200
1315 199
1316 198
1317 197
1318 196
1319 195
1320 194
1321 193
1322 192
1323 191
1324 190
1325 189
1326 188
1327 187
1327 186
1328 185
1329 184
1329 183
1329 182
1330 181
1330 180
1331 179
1331 178
1331 177
1332 176
1332 175
1332 174
1332 173
1332 172
1333 171
1333 170
1333 169
1333 168
1334 167
1334 166
1335 165
1336 164
1337 163
1338 162
1339 161
1340 160
1341 159
1342 158
1343 157
1343 156
1343 155
1343 154
1343 153
1343 152
1344 151
1344 150
1344 149
1344 148
1344 147
1345 146
1345 145
1345 144
1346 143
1347 142
1348 141
1349 140
1350 139
1351 138
1351 137
1352 136
1353 135
1353 135
1353 136
1354 137
1355 138
1355 139
1356 140
1357 141
1358 142
1359 143
1359 144
1359 145
1359 146
1360 147
1360 148
1360 149
1361 150
1361 151
1362 152
1362 153
1362 154
1362 155
1362 156
1363 157
1363 158
1363 159
1364 160
1364 161
1364 162
1365 163
1365 164
1365 165
1365 166
1366 167
1366 168
1366 169
1367 170
1367 171
1367 172
1367 173
1368 174
1368 175
1368 176
1368 177
1368 178
1368 179
1368 180
1368 181
1368 182
1368 183
1368 184
1368 185
1368 186
1368 187
1368 188
1368 189
1368 190
1368 191
1368 192
1368 193
1368 194
1368 195
1368 196
1368 197
1368 198
1368 199
1368 200
1369 201
1370 202
1370 203
1370 204
1370 205
1370 206
1370 207
1370 208
1370 209
1370 210
1370 211
1370 212
1370 213
1370 214
1370 215
1370 216
1370 217
1370 218
1370 219
1370 220
1371 221
1372 222
1373 223
1374 224
1375 225
1376 226
1376 227
1376 228
1376 229
1376 230
1376 231
1376 232
1376 233
1376 234
1376 235
1376 236
1376 237
1376 238
1376 239
1376 240
1376 241
1376 242
1376 243
1376 244
1376 245
1376 246
1376 247
1375 248
1375 249
1375 250
1375 251
1375 252
1375 253
1375 254
1375 255
1375 256
1375 257
1375 258
1375 259
1375 260
1375 261
1375 262
1375 263
1375 264
1375 265
1375 266
1375 267
1375 268
1375 269
1375 270
1375 271
1375 272
1375 273
1375 274
1375 275
1375 276
1375 277
1375 278
1375 279
1375 280
1375 281
1375 282
1375 283
1375 284
1375 285
1375 286
1375 287
1375 288
1375 289
1375 290
1376 291
1376 292
1376 293
1376 294
1376 295
1376 296
1376 297
1376 298
1377 299
1377 300
1377 301
1377 302
1377 303
1377 304
1378 305
1378 306
1378 307
1378 308
1378 309
1379 310
1379 311
1379 312
1379 313
1379 314
1379 315
1380 316
1380 317
1380 318
1381 319
1382 320
1382 321
1383 322
1384 323
1385 324
1385 325
1386 326
1387 327
1388 328
1388 329
1388 330
1388 331
1388 332
1388 333
1388 334
1388 335
1388 336
1388 337
1388 338
1388 339
1388 340
1388 341
1388 342
1388 343
1388 344
1388 345
1388 346
1388 347
1388 348
1388 349
1388 350
1388 351
1388 352
1388 353
1388 354
1388 355
1388 356
1388 357
1388 358
1388 359
1389 360
1390 361
1391 362
1391 363
1391 364
1391 365
1391 366
1391 367
1391 368
1391 369
1391 370
1391 371
1391 372
1391 373
1391 374
1391 375
1391 376
1391 377
1391 378
1391 379
1391 380
1391 381
1391 382
1392 383
1393 384
1393 385
1393 386
1393 387
1393 388
1393 389
1393 390
1393 391
1393 392
1393 393
1393 394
1393 395
1393 396
1393 397
1393 398
1393 399
1393 400
1393 401
1393 402
1393 403
1393 404
1393 405
1393 406
1393 407
1393 408
1393 409
1393 410
1393 411
1393 412
1393 413
1393 414
1393 415
1393 416
1393 417
1393 418
1393 419
1393 420
1393 421
1393 422
1393 423
1393 424
1393 425
1393 426
1393 427
1393 428
1393 429
1393 430
1393 431
1393 432
1393 433
1393 434
1393 435
1393 436
1393 437
1393 438
1393 439
1393 440
1393 441
1393 442
1393 443
1393 444
1393 445
1393 446
1393 447
1393 448
1393 449
1393 450
1393 451
1393 452
1393 453
1393 454
1393 455
1393 456
1393 457
1393 458
1393 459
1393 460
1393 461
1393 462
1393 463
1393 464
1393 465
1393 466
1393 467
1393 468
1393 469
1393 470
1393 471
1393 472
1393 473
1393 474
1393 475
1393 476
1393 477
1394 478
1394 479
1394 480
1394 481
1394 482
1394 483
1394 484
1394 485
1394 486
1394 487
1394 488
1394 489
1394 490
1394 491
1394 492
1394 493
1394 494
1394 495
1394 496
1394 497
1394 498
1394 499
1394 500
1394 501
1394 502
1394 503
1394 504
1394 505
1394 506
1394 507
1394 508
1394 509
1394 510
1394 511
1394 512
1394 513
1394 514
1394 515
1394 516
1394 517
1394 518
1394 519
1394 520
1394 521
1394 522
1394 523
1394 524
1394 525
1394 526
1394 527
1394 528
1394 529
1394 530
1394 531
1394 532
1394 533
1394 534
1394 535
1394 536
1394 537
1394 538
1394 539
1394 540
1394 541
1394 542
1394 543
1394 544
1394 545
1395 546
1395 547
1396 548
1397 549
1398 550
1398 551
1398 552
1399 553
1400 554
1400 555
1401 556
1402 557
1402 558
1403 559
1404 560
1405 561
1405 562
1406 563
1407 564
1407 565
1408 566
1409 567
1409 568
1410 569
1411 570
1412 571
1412 572
1413 573
1413 574
1413 575
1414 576
1415 577
1415 578
1415 579
1416 580
1417 581
1417 582
1417 583
1418 584
1419 585
1420 586
1420 587
1420 588
1421 589
1422 590
1422 591
1422 592
1423 593
1424 594
1424 595
1424 596
1425 597
1425 598
1425 599
1425 600
1425 601
1425 602
1426 603
1426 604
1426 605
1426 606
1426 607
1427 608
1427 609
1427 610
1428 611
1428 612
1428 613
1428 614
1428 615
1429 616
1429 617
1429 618
1430 619
1430 620
1430 621
1430 622
1430 623
1431 624
1431 625
1431 626
1431 627
1431 628
1432 629
1432 630
1433 631
1434 632
1435 633
1435 634
1436 635
1437 636
1438 637
1439 638
1439 639
1440 640
1441 641
1441 642
1442 643
1442 644
1443 645
1443 646
1443 647
1443 648
1444 649
1444 650
1445 651
1445 652
1445 653
1445 654
1445 655
1445 656
1445 657
1445 658
1445 659
1445 660
1445 661
1445 662
1445 663
1445 664
1445 665
1445 666
1445 667
1446 668
1446 669
1446 670
1447 671
1448 672
1448 673
1448 674
1449 675
1449 676
1450 677
1450 678
1451 679
1452 680
1452 681
1453 682
1453 683
1454 684
1454 685
1455 686
1455 687
1456 688
1457 689
1457 690
1458 691
1458 692
1459 693
1459 694
1459 695
1460 696
1461 697
1462 698
1463 699
1464 700
1465 701
1466 702
1467 703
1468 704
1469 705
1470 706
1471 707
1472 708
1473 709
1474 710
1475 711
1476 712
1477 713
1478 714
1479 715
1480 716
1481 717
1482 718
1483 719
1483 720
1484 721
1484 722
1485 723
1485 724
1486 725
1486 726
1487 727
1488 728
1489 729
1490 730
1491 731
1492 732
1493 733
1494 734
1495 735
1496 736
1497 737
1498 738
1499 739
1500 740
1500 741
1501 742
1502 743
1502 744
1503 745
1504 746
1504 747
1505 748
1506 749
1507 750
1508 751
1509 752
1510 753
1510 754
1511 755
1512 756
1513 757
1514 758
1515 759
1516 760
1517 761
1518 762
1519 763
1520 764
1521 765
1522 766
1522 767
1523 768
1524 769
1524 770
1525 771
1525 772
1526 773
1527 774
1528 775
1529 776
1529 777
1530 778
1531 779
1532 780
1533 781
1534 782
1535 783
1535 784
1536 785
1537 786
1537 787
1538 788
1539 789
1540 790
1541 791
1542 792
1543 793
1544 794
1545 795
1546 796
1546 797
1547 798
1548 799
1549 800
1550 801
1551 802
1552 803
1553 804
1554 805
1554 806
1555 807
1556 808
1557 809
1558 810
1559 811
1560 812
1560 813
1560 814
1561 815
1562 816
1563 817
1564 818
1565 819
1565 820
1566 821
1567 822
1567 823
1568 824
1569 825
1570 826
1570 827
1571 828
1572 829
1573 830
1573 831
1574 832
1575 833
1576 834
1576 835
1576 836
1576 837
1577 838
1577 839
1577 840
1577 841
1577 842
1577 843
1577 844
1577 845
1577 846
1577 847
1577 848
1577 849
1577 850
1577 851
1577 852
1577 853
1577 854
1577 855
1577 856
1577 857
1577 858
1577 859
1577 860
1577 861
1577 862
1577 863
1577 864
1577 865
1577 866
1577 867
1577 868
1577 869
1577 870
1577 871
1577 872
1577 873
1577 874
1577 875
1577 876
1577 877
1577 878
1577 879
1577 880
1577 881
1577 882
1577 883
1577 884
1577 885
1577 886
1577 887
1577 888
1577 889
1577 890
1577 891
1577 892
1577 893
1577 894
1577 895
1577 896
1577 897
1577 898
1577 899
1577 900
1577 901
1577 902
1577 903
1577 904
1577 905
1577 906
1577 907
1577 908
1577 909
1577 910
1577 911
1577 912
1577 913
1577 914
1577 915
1577 916
1577 917
1577 918
1577 919
1577 920
1577 921
1577 922
1577 923
1577 924
1577 925
1577 926
1577 927
1577 928
1577 929
1577 930
1577 931
1577 932
1577 933
1577 934
1577 935
1577 936
1577 937
1577 938
1577 939
1577 940
1577 941
1577 942
1577 943
1577 944
1577 945
1577 946
1577 947
1577 948
1577 949
1577 950
1577 951
1577 952
1577 953
1577 954
1577 955
1577 956
1577 957
1577 958
1577 959
1577 960
1577 961
1577 962
1577 963
1577 964
1577 965
1577 966
1577 967
1577 968
1577 969
1577 970
1577 971
1577 972
1577 973
1577 974
1577 975
1577 976
1577 977
1577 978
1577 979
1577 980
1577 981
1577 982
1577 983
1577 984
1577 985
1577 986
1577 987
1577 988
1577 989
1577 990
1577 991
1577 992
1577 993
1577 994
1577 995
1577 996
1577 997
1577 998
1577 999
1577 1000
1577 1001
1577 1002
1577 1003
1577 1004
1577 1005
1577 1006
1577 1007
1577 1008
1577 1009
1577 1010
1577 1011
1577 1012
1577 1013
1577 1014
1577 1015
1577 1016
1577 1017
1577 1018
1577 1019
1577 1020
1577 1021
1577 1022
1577 1023
1577 1024
1577 1025
1577 1026
1577 1027
1577 1028
1577 1029
1577 1030
1577 1031
1577 1032
1577 1033
1577 1034
1577 1035
1577 1036
1577 1037
1577 1038
1577 1039
1577 1040
1577 1041
1577 1042
1577 1043
1577 1044
1577 1045
1577 1046
1577 1047
1577 1048
1577 1049
1577 1050
1577 1051
1577 1052
1577 1053
1577 1054
1577 1055
1577 1056
1577 1057
1577 1058
1577 1059
1577 1060
1577 1061
1577 1062
1577 1063
1577 1064
1577 1065
1577 1066
1577 1067
1577 1068
1577 1069
1577 1070
1577 1071
1577 1072
1577 1073
1577 1074
1577 1075
1577 1076
1577 1077
1577 1078
1577 1079
1577 1080
1577 1081
1577 1082
1577 1083
1577 1084
1577 1085
1577 1086
1577 1087
1577 1088
1577 1089
1577 1090
1577 1091
1577 1092
1577 1093
1577 1094
