159 1520
160 1519
161 1518
162 1517
163 1516
164 1515
165 1514
165 1513
165 1512
165 1511
165 1510
165 1509
165 1508
165 1507
165 1506
165 1505
166 1504
166 1503
166 1502
167 1501
168 1500
169 1499
170 1498
171 1497
172 1496
173 1495
174 1494
175 1493
176 1492
177 1491
178 1490
179 1489
180 1488
181 1487
182 1486
183 1485
184 1484
185 1483
186 1482
187 1481
188 1480
189 1479
190 1478
191 1477
192 1476
193 1475
194 1474
194 1473
195 1472
196 1471
197 1470
198 1469
199 1468
200 1467
201 1466
202 1465
203 1464
204 1463
205 1462
206 1461
207 1460
208 1459
209 1458
210 1457
211 1456
212 1455
213 1454
214 1453
215 1452
216 1451
217 1450
218 1449
219 1448
220 1447
221 1446
222 1445
223 1444
224 1443
225 1442
226 1441
227 1440
228 1439
229 1438
230 1437
231 1436
232 1435
233 1434
234 1433
234 1432
235 1431
236 1430
237 1429
237 1428
238 1427
239 1426
239 1425
240 1424
241 1423
241 1422
242 1421
243 1420
243 1419
244 1418
244 1417
245 1416
246 1415
246 1414
246 1413
246 1412
247 1411
247 1410
247 1409
248 1408
249 1407
250 1406
251 1405
252 1404
253 1403
254 1402
255 1401
256 1400
257 1399
258 1398
259 1397
260 1396
261 1395
262 1394
262 1393
262 1392
262 1391
263 1390
264 1389
264 1388
265 1387
266 1386
267 1385
268 1384
269 1383
270 1382
271 1381
272 1380
273 1379
274 1378
275 1377
276 1376
277 1375
278 1374
279 1373
280 1372
281 1371
282 1370
283 1369
284 1368
285 1367
286 1366
287 1365
288 1364
289 1363
290 1362
291 1361
292 1360
292 1359
292 1358
292 1357
292 1356
292 1355
293 1354
294 1353
295 1352
296 1351
297 1350
298 1349
299 1348
300 1347
301 1346
302 1345
303 1344
304 1343
304 1342
305 1341
305 1340
305 1339
305 1338
305 1337
305 1336
305 1335
305 1334
305 1333
305 1332
305 1331
305 1330
305 1329
305 1328
305 1327
305 1326
305 1325
305 1324
305 1323
305 1322
305 1321
305 1320
305 1319
305 1318
305 1317
305 1316
306 1315
306 1314
306 1313
306 1312
306 1311
307 1310
307 1309
307 1308
307 1307
307 1306
308 1305
308 1304
308 1303
308 1302
308 1301
309 1300
310 1299
311 1298
312 1297
313 1296
314 1295
315 1294
316 1293
317 1292
318 1291
319 1290
320 1289
321 1288
322 1287
323 1286
324 1285
325 1284
326 1283
327 1282
328 1281
329 1280
330 1279
331 1278
332 1277
333 1276
334 1275
335 1274
336 1273
337 1272
338 1271
339 1270
340 1269
341 1268
342 1267
343 1266
344 1265
345 1264
346 1263
347 1262
348 1261
349 1260
350 1259
351 1258
352 1257
353 1256
354 1255
355 1254
356 1253
357 1252
358 1251
359 1250
360 1249
361 1248
362 1247
363 1246
364 1245
365 1244
366 1243
367 1242
368 1241
369 1240
370 1239
371 1238
372 1237
373 1236
374 1235
375 1234
376 1233
377 1232
378 1231
379 1230
380 1229
381 1228
382 1227
383 1226
384 1225
385 1224
386 1223
387 1222
388 1221
389 1220
390 1219
391 1218
392 1217
392 1216
392 1215
392 1214
392 1213
392 1212
392 1211
392 1210
393 1209
394 1208
394 1207
395 1206
395 1205
396 1204
396 1203
397 1202
397 1201
398 1200
398 1199
399 1198
400 1197
400 1196
401 1195
401 1194
402 1193
403 1192
403 1191
404 1190
404 1189
405 1188
406 1187
407 1186
408 1185
408 1184
409 1183
410 1182
411 1181
412 1180
412 1179
413 1178
414 1177
415 1176
415 1175
416 1174
416 1173
416 1172
416 1171
416 1170
416 1169
416 1168
416 1167
416 1166
416 1165
416 1164
416 1163
416 1162
416 1161
416 1160
416 1159
416 1158
416 1157
416 1156
416 1155
416 1154
416 1153
416 1152
416 1151
416 1150
416 1149
416 1148
416 1147
416 1146
416 1145
416 1144
416 1143
416 1142
416 1141
416 1140
416 1139
416 1138
416 1137
416 1136
416 1135
416 1134
416 1133
416 1132
416 1131
416 1130
416 1129
416 1128
416 1127
416 1126
416 1125
416 1124
416 1123
416 1122
416 1121
416 1120
416 1119
416 1118
416 1117
416 1116
416 1115
416 1114
416 1113
416 1112
416 1111
417 1110
418 1109
418 1108
419 1107
419 1106
420 1105
421 1104
422 1103
423 1102
423 1101
424 1100
425 1099
426 1098
426 1097
426 1096
427 1095
427 1094
427 1093
427 1092
428 1091
428 1090
428 1089
428 1088
428 1087
428 1086
429 1085
429 1084
429 1083
430 1082
430 1081
430 1080
431 1079
431 1078
431 1077
431 1076
431 1075
431 1074
431 1073
431 1072
431 1071
431 1070
431 1069
431 1068
431 1067
431 1066
431 1065
431 1064
431 1063
431 1062
431 1061
431 1060
431 1059
431 1058
431 1057
431 1056
432 1055
433 1054
433 1053
434 1052
434 1051
435 1050
435 1049
436 1048
436 1047
437 1046
438 1045
439 1044
440 1043
441 1042
442 1041
443 1040
444 1039
444 1038
445 1037
446 1036
447 1035
448 1034
449 1033
450 1032
451 1031
452 1030
453 1029
454 1028
455 1027
456 1026
457 1025
458 1024
459 1023
460 1022
461 1021
462 1020
463 1019
464 1018
465 1017
466 1016
467 1015
468 1014
469 1013
470 1012
471 1011
472 1010
473 1009
474 1008
475 1007
476 1006
477 1005
478 1004
479 1003
480 1002
481 1001
482 1000
483 999
484 998
485 997
486 996
487 995
488 994
489 993
490 992
491 991
492 990
493 989
494 988
495 987
496 986
497 985
498 984
499 983
500 982
501 981
502 980
503 979
504 978
505 977
506 976
507 975
508 974
509 973
510 972
511 971
512 970
513 969
514 968
515 967
516 966
517 965
518 964
519 963
520 962
521 961
522 960
523 959
524 958
525 957
526 956
527 955
528 954
529 953
530 952
531 951
532 950
533 949
534 948
535 947
536 946
537 945
538 944
539 943
540 942
541 941
542 940
543 939
544 938
545 937
546 936
547 935
548 934
549 933
550 932
551 931
552 930
553 929
554 928
555 927
556 926
557 925
558 924
559 923
560 922
561 921
562 920
563 919
564 918
565 917
566 916
567 915
568 914
569 913
570 912
571 911
572 910
573 910
574 909
575 908
576 908
577 907
578 907
579 906
580 905
581 904
582 903
583 902
584 901
585 900
586 899
587 898
588 897
589 896
590 895
590 894
591 893
592 892
593 891
594 890
595 889
596 888
597 887
598 886
599 886
600 885
601 885
602 885
603 884
604 884
605 883
606 883
607 882
608 882
609 881
610 881
611 880
612 880
613 880
614 879
615 879
616 878
617 877
618 876
619 875
620 875
621 874
622 873
623 872
624 871
625 870
626 870
627 869
628 868
629 868
630 868
631 868
632 868
633 868
634 868
635 868
636 868
637 868
638 868
639 868
640 868
641 868
642 868
643 868
644 868
645 867
646 866
647 865
648 864
649 863
650 862
651 861
652 860
653 859
654 858
655 857
656 856
657 855
658 854
659 853
660 852
661 851
662 850
663 849
664 848
665 847
666 846
667 845
668 844
669 843
670 842
671 841
672 840
673 840
674 840
675 840
676 840
677 840
678 840
679 840
680 840
681 840
682 840
683 840
684 840
685 840
686 840
687 840
688 839
689 839
690 839
691 838
692 838
693 838
694 838
695 838
696 838
697 838
698 838
699 838
700 838
701 838
702 838
703 838
704 838
705 838
706 838
707 838
708 838
709 838
710 838
711 838
712 838
713 838
714 838
715 838
716 838
717 838
718 838
719 838
720 838
721 838
722 838
723 838
724 838
725 838
726 838
727 838
728 838
729 838
730 838
731 838
732 838
733 838
734 838
735 838
736 838
737 838
738 838
739 838
740 838
741 838
742 838
743 838
744 838
745 838
746 838
747 838
748 838
749 838
750 838
751 838
752 838
753 838
754 838
755 838
756 838
757 838
758 838
759 838
760 838
761 838
762 838
763 838
764 838
765 838
766 838
767 838
768 838
769 838
770 838
771 838
772 838
773 838
774 838
775 838
776 838
777 838
778 838
779 838
780 838
781 838
782 838
783 838
784 838
785 838
786 838
787 838
788 838
789 838
790 838
791 838
792 838
793 838
794 838
795 838
796 838
797 838
798 838
799 838
800 838
801 838
802 838
803 838
804 838
805 838
806 838
807 838
808 838
809 838
810 838
811 838
812 838
813 838
814 838
815 838
816 838
817 838
818 838
819 838
820 838
821 838
822 838
823 838
824 838
825 838
826 838
827 838
828 838
829 838
830 838
831 838
832 838
833 838
834 838
835 838
836 838
837 838
838 838
839 838
840 838
841 838
842 838
843 838
844 838
845 838
846 838
847 838
848 838
849 838
850 838
851 838
852 838
853 838
854 838
855 838
856 838
857 838
858 838
859 838
860 838
861 838
862 838
863 838
864 838
865 838
866 838
867 838
868 838
869 838
870 838
871 838
872 838
873 838
874 838
875 838
876 838
877 838
878 838
879 838
880 838
881 838
882 838
883 838
884 838
885 838
886 838
887 838
888 838
889 838
890 838
891 838
892 838
893 838
894 838
895 838
896 838
897 838
898 838
899 838
900 838
901 838
902 838
903 838
904 838
905 838
906 838
907 838
908 838
909 838
910 838
911 838
912 838
913 838
914 838
915 838
916 838
917 838
918 838
919 838
920 838
921 838
922 838
923 838
924 838
925 838
926 838
927 838
928 838
929 838
930 838
931 838
932 838
933 838
934 838
935 838
936 838
937 838
938 838
939 838
940 838
941 838
942 838
943 838
944 838
945 838
946 838
947 838
948 838
949 838
950 838
951 838
952 838
953 838
954 838
955 838
956 838
957 838
958 838
959 838
960 838
961 838
962 838
963 838
964 838
965 838
966 838
967 838
968 838
969 838
970 838
971 838
972 838
973 838
974 838
975 838
976 838
977 838
978 838
979 838
980 838
981 838
982 838
983 838
984 837
985 837
986 836
987 835
988 835
989 834
990 834
991 833
992 832
993 832
994 832
995 832
996 832
997 832
998 832
999 831
1000 831
1001 831
1002 831
1003 831
1004 831
1005 831
1006 831
1007 831
1008 831
1009 831
1010 831
1011 831
1012 831
1013 831
1014 831
1015 831
1016 831
1017 831
1018 831
1019 831
1020 831
1021 831
1022 831
1023 831
1024 831
1025 831
1026 831
1027 831
1028 831
1029 831
1030 831
1031 831
1032 831
1033 831
1034 831
1035 831
1036 831
1037 831
1038 831
1039 831
1040 831
1041 831
1042 831
1043 831
1044 831
1045 831
1046 831
1047 831
1048 831
1049 831
1050 831
1051 831
1052 831
1053 831
1054 831
1055 831
1056 831
1057 831
1058 831
1059 831
1060 831
1061 831
1062 831
1063 831
1064 831
1065 831
1066 831
1067 831
1068 831
1069 831
1070 831
1071 831
1072 831
1073 831
1074 831
1075 831
1076 831
1077 831
1078 831
1079 831
1080 831
1081 831
1082 830
1083 830
1084 829
1085 828
1086 827
1087 827
1088 826
1089 825
1090 824
1091 824
1092 824
1093 824
1094 823
1095 823
1096 822
1097 822
1098 822
1099 821
1100 821
1101 821
1102 820
1103 820
1104 819
1105 819
1106 819
1107 818
1108 818
1109 818
1110 817
1111 817
1112 817
1113 817
1114 816
1114 815
1115 814
1115 813
1115 812
1116 811
1116 810
1116 809
1117 808
1117 807
1118 806
1118 805
1119 804
1120 803
1121 802
1122 801
1122 800
1123 799
1123 798
1123 797
1124 796
1124 795
1125 794
1126 793
1127 792
1128 791
1129 790
1130 789
1131 788
1131 787
1132 786
1133 785
1134 784
1135 783
1135 782
1136 781
1137 780
1138 779
1139 778
1140 777
1141 776
1142 775
1142 774
1143 773
1144 772
1145 771
1146 770
1147 769
1147 768
1148 767
1149 766
1150 765
1151 764
1152 763
1153 762
1154 761
1155 760
1156 759
1157 758
1158 757
1158 756
1159 755
1160 754
1161 753
1162 752
1163 751
1163 750
1164 749
1165 748
1166 747
1167 746
1168 745
1169 744
1170 743
1171 742
1172 741
1173 740
1174 739
1175 738
1176 737
1176 736
1176 735
1176 734
1176 733
1176 732
1176 731
1176 730
1176 729
1176 728
1176 727
1176 726
1176 725
1176 724
1176 723
1176 722
1176 721
1176 720
1176 719
1176 718
1176 717
1176 716
1176 715
1176 714
1176 713
1176 712
1176 711
1176 710
1176 709
1176 708
1176 707
1176 706
1176 705
1176 704
1176 703
1176 702
1176 701
1176 700
1176 699
1176 698
1176 697
1176 696
1176 695
1176 694
1176 693
1176 692
1176 691
1176 690
1176 689
1176 688
1176 687
1177 686
1177 685
1178 684
1179 683
1180 682
1180 681
1181 680
1182 679
1182 678
1183 677
1184 676
1184 675
1185 674
1186 673
1186 672
1187 671
1188 670
1189 669
1189 668
1189 667
1190 666
1190 665
1191 664
1192 663
1192 662
1193 661
1194 660
1194 659
1195 658
1196 657
1196 656
1197 655
1198 654
1198 653
1198 652
1198 651
1198 650
1199 649
1200 648
1201 647
1201 646
1202 645
1202 644
1203 643
1204 642
1205 641
1206 640
1206 639
1207 638
1207 637
1207 636
1207 635
1207 634
1207 633
1207 632
1208 631
1209 630
1210 629
1211 628
1212 627
1213 626
1214 625
1215 624
1216 623
1217 622
1218 621
1219 620
1220 619
1221 618
1222 617
1223 616
1224 615
1225 614
1226 613
1227 612
1228 611
1229 610
1230 609
1231 608
1231 607
1231 606
1232 605
1232 604
1232 603
1233 602
1233 601
1233 600
1233 599
1233 598
1234 597
1234 596
1234 595
1234 594
1234 593
1234 592
1234 591
1234 590
1234 589
1234 588
1234 587
1234 586
1235 585
1235 584
1235 583
1235 582
1235 581
1235 580
1236 579
1236 578
1236 577
1237 576
1237 575
1238 574
1238 573
1239 572
1240 571
1240 570
1241 569
1241 568
1242 567
1242 566
1243 565
1243 564
1244 563
1244 562
1245 561
1245 560
1246 559
1246 558
1247 557
1247 556
1248 555
1248 554
1249 553
1249 552
1250 551
1250 550
1251 549
1251 548
1252 547
1252 546
1253 545
1253 544
1254 543
1254 542
1254 541
1254 540
1254 539
1254 538
1254 537
1255 536
1255 535
1256 534
1256 533
1256 532
1256 531
1256 530
1257 529
1257 528
1258 527
1258 526
1258 525
1259 524
1259 523
1260 522
1260 521
1261 520
1261 519
1262 518
1263 517
1263 516
1263 515
1264 514
1264 513
1264 512
1265 511
1265 510
1266 509
1267 508
1267 507
1268 506
1269 505
1269 504
1269 503
1269 502
1269 501
1269 500
1270 499
1270 498
1270 497
1270 496
1270 495
1270 494
1270 493
1270 492
1270 491
1270 490
1270 489
1270 488
1270 487
1270 486
1270 485
1270 484
1270 483
1270 482
1270 481
1270 480
1270 479
1270 478
1270 477
1270 476
1270 475
1270 474
1270 473
1270 472
1270 471
1270 470
1270 469
1270 468
1270 467
1270 466
1270 465
1270 464
1270 463
1270 462
1270 461
1270 460
1270 459
1270 458
1270 457
1270 456
1270 455
1270 454
1270 453
1270 452
1270 451
1270 450
1270 449
1270 448
1270 447
1270 446
1270 445
1270 444
1270 443
1270 442
1270 441
1270 440
1270 439
1270 438
1270 437
1270 436
1270 435
1270 434
1270 433
1270 432
1270 431
1270 430
1270 429
1270 428
1270 427
1270 426
1270 425
1270 424
1270 423
1271 422
1271 421
1271 420
1271 419
1271 418
1271 417
1272 416
1272 415
1272 414
1272 413
1272 412
1272 411
1273 410
1273 409
1273 408
1273 407
1273 406
1273 405
1273 404
1273 403
1273 402
1274 401
1274 400
1274 399
1274 398
1274 397
1274 396
1274 395
1274 394
1274 393
1274 392
1274 391
1274 390
1274 389
1274 388
1274 387
1274 386
1274 385
1274 384
1274 383
1274 382
1274 381
1274 380
1274 379
1274 378
1274 377
1274 376
1274 375
1274 374
1274 373
1274 372
1274 371
1274 370
1274 369
1274 368
1274 367
1274 366
1274 365
1274 364
1274 363
1274 362
1274 361
1274 360
1274 359
1274 358
1274 357
1274 356
1274 355
1274 354
1274 353
1274 352
1274 351
1274 350
1274 349
1274 348
1274 347
1274 346
1274 345
1274 344
1274 343
1274 342
1274 341
1274 340
1274 339
1274 338
1274 337
1274 336
1274 335
1274 334
1274 333
1274 332
1274 331
1274 330
1274 329
1274 328
1274 327
1274 326
1274 325
1274 324
1274 323
1274 322
1274 321
1274 320
1274 319
1274 318
1274 317
1274 316
1274 315
1274 314
1274 313
1274 312
1274 311
1274 310
1274 309
1274 308
1274 307
1274 306
1274 305
1274 304
1274 303
1274 302
1274 301
1274 300
1274 299
1274 298
1274 297
1274 296
1274 295
1274 294
1274 293
1274 292
1274 291
1274 290
1274 289
1274 288
1274 287
1274 286
1274 285
1274 284
1274 283
1274 282
1274 281
1274 280
1274 279
1274 278
1275 277
1275 276
1275 275
1276 274
1276 273
1277 272
1278 271
1279 270
1279 269
1279 268
1279 267
1279 266
1279 265
1279 264
1279 263
1279 262
1279 261
1279 260
1279 259
1279 258
1279 257
1279 256
1279 255
1279 254
1279 253
1279 252
1279 251
1279 250
1279 249
1279 248
1279 247
1279 246
1279 245
1279 244
1279 243
1279 242
1279 241
1279 240
1279 239
1279 238
1279 237
1279 236
1279 235
1279 234
1279 233
1279 232
1279 231
1279 230
1279 229
1279 228
1279 227
1279 226
1279 225
1279 224
1279 223
1279 222
1279 221
1279 220
1279 219
1279 218
1279 217
1279 216
1279 215
1279 214
1279 213
1279 212
1279 211
1279 210
1279 209
1279 208
1279 207
1279 206
1279 205
1279 204
1279 203
1279 202
1279 201
1279 200
1279 199
1279 198
1279 197
1279 196
1279 195
1279 194
1280 193
1280 192
1280 191
1280 190
1280 189
1280 188
1280 187
1280 186
1280 185
1280 184
1280 183
1280 182
1281 181
1281 180
1281 179
1281 178
1281 177
1281 176
1282 175
1282 174
1282 173
1282 172
1282 171
1282 170
1282 169
1282 168
1282 167
1282 166
1282 165
1282 164
1282 163
1282 162
1282 161
1282 160
1282 159
1282 158
1282 157
1282 156
1283 155
1283 154
1283 153
1283 152
1283 151
1283 150
1283 149
1283 148
1283 147
1283 146
1283 145
1283 144
1283 143
1283 142
1283 141
1283 140
1283 139
1283 138
1283 137
1283 136
1283 135
1283 134
1283 133
1284 132
1284 131
1285 130
1285 129
1286 128
1286 127
1287 126
1287 125
1288 124
1288 123
1289 122
1289 121
1290 120
1290 119
1290 118
1291 117
1291 116
1291 115
1292 114
1292 113
1292 112
1293 111
1293 110
1293 109
1293 108
1293 107
1294 106
1294 105
1294 104
1294 103
1295 102
1295 101
1295 100
1295 99
1296 98
1296 97
1296 96
1296 95
1297 94
1297 93
1297 92
1297 91
1298 90
1299 89
1300 88
1301 87
1302 86
1303 85
1303 85
1303 86
1303 87
1303 88
1303 89
1303 90
1303 91
1303 92
1303 93
1303 94
1303 95
1303 96
1303 97
1303 98
1303 99
1303 100
1303 101
1303 102
1303 103
1303 104
1303 105
1303 106
1303 107
1303 108
1303 109
1303 110
1303 111
1303 112
1303 113
1303 114
1303 115
1303 116
1303 117
1303 118
1303 119
1303 120
1303 121
1303 122
1303 123
1303 124
1303 125
1302 126
1302 127
1302 128
1301 129
1301 130
1300 131
1300 132
1299 133
1299 134
1299 135
1298 136
1298 137
1297 138
1297 139
1297 140
1297 141
1297 142
1297 143
1297 144
1297 145
1297 146
1297 147
1297 148
1297 149
1297 150
1297 151
1297 152
1297 153
1297 154
1297 155
1297 156
1297 157
1297 158
1297 159
1298 160
1298 161
1298 162
1298 163
1298 164
1298 165
1298 166
1298 167
1298 168
1298 169
1298 170
1298 171
1298 172
1298 173
1298 174
1298 175
1298 176
1298 177
1298 178
1298 179
1298 180
1298 181
1298 182
1298 183
1298 184
1298 185
1298 186
1298 187
1298 188
1298 189
1298 190
1298 191
1298 192
1298 193
1298 194
1298 195
1298 196
1298 197
1298 198
1298 199
1298 200
1298 201
1298 202
1298 203
1298 204
1298 205
1298 206
1298 207
1298 208
1298 209
1298 210
1298 211
1298 212
1298 213
1298 214
1298 215
1299 216
1299 217
1299 218
1299 219
1299 220
1300 221
1300 222
1300 223
1300 224
1300 225
1301 226
1301 227
1301 228
1301 229
1301 230
1302 231
1302 232
1302 233
1302 234
1302 235
1302 236
1302 237
1302 238
1302 239
1302 240
1302 241
1302 242
1302 243
1302 244
1302 245
1302 246
1302 247
1302 248
1302 249
1302 250
1302 251
1302 252
1302 253
1302 254
1303 255
1303 256
1304 257
1304 258
1305 259
1305 260
1305 261
1305 262
1305 263
1305 264
1305 265
1305 266
1305 267
1305 268
1305 269
1305 270
1305 271
1305 272
1305 273
1305 274
1305 275
1305 276
1305 277
1305 278
1305 279
1305 280
1305 281
1305 282
1305 283
1305 284
1305 285
1305 286
1305 287
1305 288
1305 289
1305 290
1305 291
1305 292
1305 293
1305 294
1305 295
1305 296
1305 297
1306 298
1307 299
1307 300
1307 301
1308 302
1308 303
1309 304
1309 305
1310 306
1310 307
1311 308
1311 309
1312 310
1312 311
1313 312
1313 313
1314 314
1315 315
1315 316
1315 317
1315 318
1315 319
1315 320
1316 321
1316 322
1317 323
1317 324
1318 325
1319 326
1319 327
1320 328
1321 329
1321 330
1322 331
1323 332
1323 333
1324 334
1324 335
1325 336
1326 337
1326 338
1326 339
1327 340
1327 341
1327 342
1328 343
1328 344
1328 345
1329 346
1329 347
1330 348
1330 349
1330 350
1330 351
1330 352
1330 353
1330 354
1330 355
1331 356
1332 357
1333 358
1334 359
1335 360
1335 361
1336 362
1336 363
1337 364
1337 365
1338 366
1338 367
1339 368
1340 369
1340 370
1341 371
1341 372
1342 373
1343 374
1344 375
1345 376
1345 377
1346 378
1347 379
1348 380
1349 381
1350 382
1350 383
1350 384
1350 385
1350 386
1350 387
1350 388
1350 389
1350 390
1350 391
1350 392
1350 393
1350 394
1350 395
1350 396
1350 397
1350 398
1350 399
1350 400
1350 401
1350 402
1350 403
1350 404
1350 405
1350 406
1350 407
1350 408
1350 409
1350 410
1350 411
1350 412
1350 413
1350 414
1350 415
1350 416
1350 417
1350 418
1350 419
1350 420
1351 421
1351 422
1351 423
1351 424
1351 425
1351 426
1351 427
1351 428
1351 429
1351 430
1351 431
1351 432
1351 433
1351 434
1351 435
1351 436
1351 437
1351 438
1351 439
1351 440
1351 441
1351 442
1351 443
1351 444
1351 445
1351 446
1351 447
1351 448
1351 449
1351 450
1351 451
1351 452
1351 453
1351 454
1351 455
1351 456
1351 457
1351 458
1351 459
1351 460
1351 461
1351 462
1351 463
1351 464
1351 465
1351 466
1351 467
1351 468
1351 469
1351 470
1351 471
1351 472
1351 473
1351 474
1351 475
1351 476
1351 477
1351 478
1351 479
1351 480
1351 481
1351 482
1351 483
1351 484
1351 485
1351 486
1351 487
1351 488
1351 489
1351 490
1351 491
1351 492
1351 493
1351 494
1351 495
1351 496
1351 497
1351 498
1351 499
1351 500
1351 501
1351 502
1352 503
1352 504
1352 505
1352 506
1352 507
1352 508
1352 509
1352 510
1352 511
1352 512
1352 513
1352 514
1352 515
1352 516
1352 517
1352 518
1352 519
1352 520
1352 521
1352 522
1352 523
1352 524
1352 525
1352 526
1352 527
1352 528
1352 529
1352 530
1352 531
1352 532
1352 533
1352 534
1352 535
1352 536
1352 537
1352 538
1352 539
1352 540
1352 541
1352 542
1352 543
1352 544
1352 545
1353 546
1353 547
1353 548
1353 549
1354 550
1354 551
1354 552
1354 553
1354 554
1355 555
1355 556
1355 557
1356 558
1357 559
1358 560
1359 561
1360 562
1361 563
1362 564
1363 565
1364 566
1365 567
1366 568
1367 569
1368 570
1369 571
1369 572
1369 573
1369 574
1369 575
1369 576
1369 577
1369 578
1369 579
1369 580
1369 581
1369 582
1369 583
1369 584
1369 585
1369 586
1369 587
1369 588
1369 589
1369 590
1369 591
1369 592
1369 593
1370 594
1370 595
1370 596
1371 597
1371 598
1372 599
1372 600
1372 601
1373 602
1373 603
1374 604
1375 604
1376 605
1377 606
1378 607
1379 608
1380 609
1381 610
1382 611
1383 612
1384 613
1385 614
1386 615
1387 616
1388 617
1389 618
1390 619
1391 620
1391 621
1391 622
1391 623
1391 624
1392 625
1392 626
1392 627
1392 628
1393 629
1393 630
1393 631
1393 632
1394 633
1394 634
1394 635
1394 636
1394 637
1395 638
1395 639
1396 640
1397 641
1397 642
1398 643
1398 644
1398 645
1399 646
1399 647
1400 648
1400 649
1401 650
1402 651
1402 652
1403 653
1404 654
1405 655
1406 656
1407 657
1408 658
1409 659
1410 660
1411 661
1412 662
1413 663
1414 664
1415 665
1416 666
1417 667
1418 668
1419 669
1420 670
1421 671
1422 672
1423 673
1424 674
1425 675
1426 676
1427 677
1428 678
1429 679
1430 680
1431 681
1432 682
1433 683
1434 684
1435 685
1436 686
1437 687
1438 688
1439 689
1440 690
1441 691
1442 692
1443 693
1444 694
1445 695
1446 696
1447 697
1448 698
1449 699
1450 700
1451 701
1452 702
1453 703
1454 704
1455 705
1456 706
1457 707
1458 708
1459 709
1460 710
1461 711
1462 712
1463 713
1464 714
1465 715
1466 716
1467 717
1468 718
1469 719
1470 720
1471 721
1472 722
1473 723
1474 724
1475 725
1476 726
1477 727
1478 728
1479 729
1480 730
1481 731
1482 732
1483 733
1484 734
1485 735
1486 736
1487 737
1488 738
1489 739
1490 740
1491 741
1492 742
1493 743
1494 744
1495 745
1496 746
1497 747
1498 748
1499 749
1500 750
1501 751
1502 752
1503 753
1504 754
1505 755
1506 756
1507 757
1508 758
1509 759
1510 760
1511 761
1512 762
1513 763
1514 764
1515 765
1516 766
1517 767
1518 768
1519 769
1520 770
1521 771
1522 772
1523 773
1524 774
1525 775
1525 776
1525 777
1525 778
1525 779
1526 780
1527 781
1528 782
1529 783
1530 784
1531 785
1532 786
1533 787
1534 788
1535 789
1536 790
1537 791
1538 792
1539 793
1540 794
1541 795
1542 796
1543 797
1544 798
1545 799
1546 800
1547 801
1548 802
1549 803
1550 804
1550 805
1551 806
1552 807
1553 808
1554 809
1555 810
1556 811
1556 812
1557 813
1558 814
1559 815
1560 816
1561 817
1561 818
1562 819
1563 820
1563 821
1564 822
1565 823
1566 824
1566 825
1567 826
1568 827
1569 828
1569 829
1570 830
1571 831
1572 832
1572 833
1573 834
1574 835
1574 836
1574 837
1574 838
1574 839
1574 840
1574 841
1574 842
1574 843
1574 844
1574 845
1574 846
1574 847
1574 848
1574 849
1574 850
1574 851
1574 852
1574 853
1574 854
1574 855
1574 856
1574 857
1574 858
1574 859
1574 860
1574 861
1574 862
1574 863
1574 864
1574 865
1574 866
1574 867
1574 868
1574 869
1574 870
1574 871
1574 872
1574 873
1574 874
1574 875
1574 876
1574 877
1574 878
1574 879
1574 880
1574 881
1574 882
1574 883
1574 884
1574 885
1574 886
1574 887
1574 888
1574 889
1574 890
1574 891
1574 892
1574 893
1574 894
1574 895
1574 896
1574 897
1574 898
1574 899
1574 900
1574 901
1574 902
1574 903
1574 904
1574 905
1574 906
1574 907
1574 908
1574 909
1574 910
1574 911
1574 912
1574 913
1574 914
1574 915
1574 916
1574 917
1574 918
1574 919
1574 920
1574 921
1574 922
1574 923
1574 924
1574 925
1574 926
1574 927
1574 928
1574 929
1574 930
1574 931
1574 932
1574 933
1574 934
1574 935
1574 936
1574 937
1574 938
1574 939
1574 940
1574 941
1574 942
1574 943
1574 944
1574 945
1574 946
1574 947
1574 948
1574 949
1574 950
1574 951
1574 952
1574 953
1574 954
1574 955
1574 956
1574 957
1574 958
1574 959
1574 960
1574 961
1574 962
1574 963
1574 964
1574 965
1574 966
1574 967
1574 968
1574 969
1574 970
1574 971
1574 972
1574 973
1574 974
1574 975
1574 976
1574 977
1574 978
1574 979
1574 980
1574 981
1574 982
1574 983
1574 984
1574 985
1574 986
1574 987
1574 988
1574 989
1574 990
1574 991
1574 992
1574 993
1574 994
1574 995
1574 996
1574 997
1574 998
1574 999
1574 1000
1574 1001
1574 1002
1574 1003
1574 1004
1574 1005
1574 1006
1574 1007
1574 1008
1574 1009
1574 1010
1574 1011
1574 1012
1574 1013
1574 1014
1574 1015
1574 1016
1574 1017
1574 1018
1574 1019
1574 1020
1574 1021
1574 1022
1574 1023
1574 1024
1574 1025
1574 1026
1574 1027
1574 1028
1574 1029
1574 1030
1574 1031
1574 1032
1574 1033
1574 1034
1574 1035
1574 1036
1574 1037
1574 1038
1574 1039
1574 1040
1574 1041
1574 1042
1574 1043
1574 1044
1574 1045
1574 1046
1574 1047
1574 1048
1574 1049
1574 1050
1574 1051
1574 1052
1574 1053
1574 1054
1574 1055
1574 1056
1574 1057
1574 1058
1574 1059
1574 1060
1574 1061
1574 1062
1574 1063
1574 1064
1574 1065
1574 1066
1574 1067
1574 1068
1574 1069
1574 1070
1574 1071
1574 1072
1574 1073
1574 1074
1574 1075
1574 1076
1574 1077
1574 1078
1574 1079
1574 1080
1574 1081
1574 1082
1574 1083
1574 1084
1574 1085
1574 1086
1574 1087
1574 1088
1574 1089
1574 1090
1574 1091
1574 1092
1574 1093
1574 1094
1574 1095
1574 1096
1574 1097
1574 1098
1574 1099
1574 1100
1574 1101
1574 1102
1574 1103
1574 1104
1574 1105
1574 1106
1574 1107
1574 1108
1574 1109
1574 1110
1574 1111
1574 1112
1574 1113
1574 1114
1574 1115
1574 1116
1574 1117
1574 1118
1573 1119
1573 1120
1573 1121
1573 1122
1573 1123
1573 1124
1573 1125
1573 1126
1573 1127
1573 1128
1573 1129
1573 1130
1573 1131
1573 1132
1573 1133
1573 1134
1573 1135
1573 1136
1573 1137
1573 1138
1573 1139
1573 1140
1573 1141
1573 1142
1573 1143
1573 1144
1573 1145
1573 1146
1573 1147
1573 1148
1573 1149
1573 1150
1573 1151
1573 1152
1573 1153
1573 1154
1573 1155
1573 1156
1573 1157
1573 1158
1573 1159
1573 1160
1573 1161
1573 1162
1573 1163
1573 1164
1573 1165
1573 1166
1573 1167
1573 1168
1573 1169
1573 1170
1573 1171
1573 1172
1573 1173
1573 1174
1573 1175
1573 1176
1573 1177
1573 1178
1573 1179
1573 1180
1573 1181
1573 1182
1573 1183
1573 1184
1573 1185
1573 1186
1573 1187
1573 1188
1573 1189
1573 1190
1573 1191
1573 1192
1573 1193
1573 1194
1573 1195
1573 1196
1573 1197
1573 1198
1573 1199
1573 1200
1573 1201
1573 1202
1573 1203
1573 1204
1573 1205
1573 1206
1573 1207
1573 1208
1572 1209
1572 1210
1572 1211
1572 1212
1572 1213
1572 1214
1572 1215
1572 1216
1572 1217
1572 1218
1572 1219
1572 1220
1572 1221
1572 1222
1572 1223
1572 1224
1572 1225
1572 1226
1572 1227
1572 1228
1572 1229
1572 1230
1572 1231
1572 1232
1572 1233
1572 1234
1572 1235
1572 1236
1572 1237
1572 1238
1572 1239
1572 1240
1572 1241
1572 1242
1572 1243
1572 1244
1572 1245
1572 1246
1572 1247
1573 1248
1573 1249
1573 1250
1573 1251
1573 1252
1573 1253
1573 1254
1573 1255
1573 1256
1573 1257
1573 1258
1573 1259
1573 1260
1573 1261
1573 1262
1573 1263
1573 1264
1573 1265
1573 1266
1573 1267
1573 1268
1573 1269
1573 1270
1573 1271
1573 1272
1573 1273
1573 1274
1573 1275
1573 1276
1573 1277
1573 1278
1573 1279
1573 1280
1573 1281
1573 1282
1573 1283
1573 1284
1573 1285
1573 1286
1573 1287
1573 1288
1573 1289
1573 1290
1574 1291
1575 1292
1576 1293
1577 1294
