159 1520
159 1519
159 1518
159 1517
159 1516
159 1515
159 1514
159 1513
159 1512
159 1511
159 1510
159 1509
159 1508
159 1507
159 1506
159 1505
159 1504
159 1503
159 1502
159 1501
159 1500
159 1499
159 1498
159 1497
159 1496
159 1495
159 1494
159 1493
159 1492
159 1491
159 1490
159 1489
159 1488
159 1487
159 1486
159 1485
159 1484
159 1483
159 1482
159 1481
159 1480
159 1479
159 1478
159 1477
159 1476
159 1475
159 1474
158 1473
158 1472
157 1471
157 1470
156 1469
156 1468
156 1467
156 1466
155 1465
155 1464
154 1463
154 1462
154 1461
154 1460
154 1459
154 1458
154 1457
154 1456
154 1455
154 1454
154 1453
154 1452
154 1451
154 1450
154 1449
154 1448
154 1447
154 1446
154 1445
154 1444
154 1443
154 1442
154 1441
154 1440
154 1439
154 1438
154 1437
154 1436
154 1435
154 1434
154 1433
154 1432
154 1431
154 1430
154 1429
154 1428
154 1427
154 1426
154 1425
154 1424
154 1423
154 1422
154 1421
154 1420
154 1419
154 1418
155 1417
155 1416
156 1415
156 1414
157 1413
157 1412
158 1411
158 1410
159 1409
159 1408
160 1407
160 1406
161 1405
161 1404
162 1403
162 1402
163 1401
163 1400
163 1399
164 1398
164 1397
165 1396
165 1395
166 1394
166 1393
167 1392
167 1391
167 1390
167 1389
167 1388
167 1387
167 1386
167 1385
168 1384
168 1383
168 1382
168 1381
168 1380
168 1379
168 1378
168 1377
168 1376
168 1375
168 1374
168 1373
168 1372
168 1371
168 1370
168 1369
168 1368
168 1367
168 1366
168 1365
168 1364
168 1363
168 1362
168 1361
168 1360
168 1359
169 1358
170 1357
171 1356
171 1355
172 1354
173 1353
174 1352
175 1351
176 1350
177 1349
178 1348
179 1347
180 1346
181 1345
182 1344
183 1343
183 1342
184 1341
185 1340
186 1339
187 1338
188 1337
189 1336
190 1335
191 1334
191 1333
191 1332
191 1331
191 1330
191 1329
191 1328
191 1327
191 1326
191 1325
191 1324
191 1323
191 1322
191 1321
191 1320
191 1319
191 1318
191 1317
191 1316
191 1315
191 1314
191 1313
191 1312
191 1311
191 1310
191 1309
191 1308
191 1307
191 1306
191 1305
191 1304
191 1303
191 1302
191 1301
191 1300
191 1299
191 1298
191 1297
191 1296
191 1295
191 1294
191 1293
191 1292
191 1291
191 1290
191 1289
191 1288
191 1287
191 1286
191 1285
191 1284
192 1283
193 1282
193 1281
193 1280
193 1279
194 1278
194 1277
194 1276
195 1275
195 1274
195 1273
196 1272
196 1271
196 1270
196 1269
196 1268
197 1267
197 1266
197 1265
198 1264
198 1263
199 1262
199 1261
200 1260
201 1259
201 1258
202 1257
203 1256
203 1255
204 1254
205 1253
205 1252
206 1251
207 1250
207 1249
208 1248
209 1247
210 1246
211 1246
212 1246
213 1246
214 1246
215 1245
216 1245
217 1245
218 1245
219 1245
220 1245
221 1245
222 1245
223 1244
224 1244
225 1244
226 1244
227 1244
228 1244
229 1244
230 1244
231 1243
232 1242
233 1241
234 1240
234 1239
235 1238
235 1237
236 1236
236 1235
237 1234
237 1233
238 1232
238 1231
239 1230
239 1229
240 1228
241 1227
242 1226
243 1225
244 1224
245 1224
246 1223
247 1222
248 1221
249 1221
250 1220
251 1219
252 1218
253 1218
254 1217
255 1216
256 1215
257 1215
258 1214
259 1213
260 1213
261 1212
262 1212
263 1211
264 1211
265 1211
266 1210
267 1210
268 1209
269 1209
270 1209
271 1208
272 1208
273 1207
274 1206
275 1205
276 1204
277 1203
278 1203
279 1202
280 1201
281 1200
282 1199
283 1199
284 1198
285 1197
286 1196
287 1195
288 1195
289 1194
290 1194
291 1194
292 1193
293 1193
294 1193
295 1192
296 1192
297 1192
298 1191
299 1190
300 1190
301 1189
302 1188
303 1188
304 1187
305 1186
306 1186
307 1185
308 1184
309 1184
310 1183
311 1182
312 1182
313 1182
314 1182
315 1182
316 1182
317 1182
318 1182
319 1182
320 1182
321 1182
322 1182
323 1182
324 1182
325 1182
326 1182
327 1182
328 1183
329 1183
330 1183
331 1184
332 1184
333 1183
333 1182
333 1181
334 1180
334 1179
334 1178
334 1177
334 1176
334 1175
334 1174
335 1173
335 1172
335 1171
335 1170
335 1169
335 1168
335 1167
335 1166
335 1165
335 1164
335 1163
335 1162
335 1161
335 1160
335 1159
335 1158
335 1157
335 1156
335 1155
335 1154
335 1153
336 1152
336 1151
336 1150
336 1149
337 1148
337 1147
336 1146
337 1145
337 1144
337 1143
337 1142
338 1141
338 1140
338 1139
338 1138
338 1137
338 1136
338 1135
338 1134
338 1133
338 1132
338 1131
338 1130
338 1129
339 1128
340 1127
340 1126
341 1126
341 1125
342 1124
342 1123
343 1123
343 1122
344 1121
344 1120
345 1119
345 1118
346 1117
346 1116
347 1115
348 1115
349 1114
350 1113
351 1113
352 1112
353 1111
353 1110
354 1109
355 1108
356 1108
357 1107
358 1106
358 1105
357 1104
358 1103
358 1102
359 1101
360 1100
360 1099
361 1098
361 1097
361 1096
361 1095
361 1094
361 1093
362 1093
362 1092
362 1091
362 1090
362 1089
362 1088
363 1088
363 1087
363 1086
363 1085
363 1084
363 1083
363 1082
364 1082
364 1081
364 1080
364 1079
364 1078
364 1077
364 1076
365 1076
365 1075
365 1074
365 1073
365 1072
365 1071
366 1070
366 1069
366 1068
366 1067
366 1066
366 1065
366 1064
367 1063
368 1064
369 1063
369 1062
369 1061
369 1060
369 1059
369 1058
369 1057
369 1056
370 1055
370 1054
371 1054
372 1053
373 1053
374 1052
374 1051
374 1050
374 1049
374 1048
374 1047
374 1046
374 1045
374 1044
375 1043
376 1043
377 1042
378 1042
379 1041
379 1040
379 1039
380 1038
381 1037
381 1036
381 1035
381 1034
381 1033
381 1032
381 1031
381 1030
381 1029
381 1028
381 1027
381 1026
381 1025
381 1024
381 1023
381 1022
381 1021
381 1020
381 1019
381 1018
381 1017
381 1016
381 1015
381 1014
381 1013
381 1012
381 1011
381 1010
382 1009
382 1008
383 1007
383 1006
384 1005
385 1004
385 1003
386 1002
386 1001
387 1000
387 999
388 998
388 997
389 996
389 995
390 994
390 993
391 992
392 992
393 992
394 992
395 992
396 992
397 992
398 992
399 992
400 993
401 993
402 993
403 993
404 993
405 993
406 994
407 994
408 994
409 994
410 994
411 995
412 995
413 995
414 995
415 995
416 995
417 995
418 996
419 996
420 996
421 996
422 996
423 996
424 996
425 996
426 995
427 995
428 994
429 994
430 994
431 994
432 994
433 994
434 994
435 994
436 994
437 994
438 994
439 994
440 994
441 994
442 994
443 993
444 992
445 991
446 990
447 989
448 988
449 987
450 986
451 985
452 985
453 984
454 984
455 983
456 982
457 982
458 981
459 981
460 980
461 980
462 979
463 978
464 978
465 977
466 977
467 976
468 975
469 974
470 973
471 972
472 971
473 970
474 969
475 968
476 967
477 966
478 965
478 964
479 963
480 962
481 961
482 960
482 959
483 958
484 957
485 956
486 955
486 954
487 953
488 952
489 951
490 950
490 949
491 948
492 947
493 946
494 945
494 944
495 943
496 942
496 941
496 940
496 939
496 938
497 937
497 936
497 935
497 934
497 933
497 932
497 931
498 930
498 929
498 928
498 927
498 926
498 925
499 924
499 923
499 922
499 921
499 920
499 919
500 918
500 917
500 916
500 915
500 914
500 913
501 912
501 911
502 910
503 910
504 909
505 908
506 907
507 906
508 907
509 906
510 905
511 904
512 903
513 902
514 901
515 900
516 899
517 898
518 899
519 898
520 897
521 896
522 897
523 897
524 896
525 895
526 894
527 893
528 892
529 893
530 893
531 892
532 891
533 890
534 890
535 891
536 890
537 890
538 889
539 888
540 888
541 887
542 888
543 888
544 887
545 886
546 886
547 885
548 884
549 884
550 885
551 884
552 884
553 883
554 882
555 881
556 880
557 879
558 878
559 877
560 876
561 875
562 874
563 873
564 872
565 871
566 870
567 869
568 868
569 867
570 866
571 865
572 864
573 863
574 862
575 862
576 861
577 860
578 860
579 859
580 859
581 858
582 857
583 857
584 856
585 855
586 855
587 854
588 854
589 853
590 852
591 852
592 851
593 850
594 850
595 849
596 849
597 848
598 847
599 847
600 846
601 846
602 846
603 845
604 845
605 844
605 843
606 842
607 842
608 842
609 843
610 843
611 842
612 841
613 841
614 841
615 841
616 841
617 841
618 841
619 841
620 842
621 842
622 841
623 840
624 839
625 838
625 837
626 836
627 836
628 835
629 834
630 834
631 834
632 834
633 833
634 833
635 833
636 833
637 833
638 833
639 833
640 833
641 833
642 833
643 833
644 833
645 833
646 833
647 833
648 833
649 833
650 833
651 833
652 832
653 832
654 832
655 832
656 832
657 832
658 832
659 832
660 831
661 831
662 830
663 829
664 828
665 827
666 827
667 827
668 826
669 825
670 824
671 823
672 823
673 822
674 822
675 821
676 821
677 821
678 820
679 820
680 819
681 819
682 818
683 818
684 817
685 817
686 816
687 816
688 815
689 815
690 815
691 814
692 814
693 813
694 812
695 811
696 810
697 810
698 809
699 809
700 808
701 808
702 807
703 807
704 807
705 806
706 806
707 805
708 805
709 805
710 804
711 804
712 803
713 803
714 803
715 802
716 802
717 802
718 802
719 802
720 802
721 801
722 800
723 799
724 799
725 799
726 798
727 797
728 796
729 796
730 795
731 794
732 794
733 793
734 792
735 791
736 791
737 790
738 789
739 789
740 788
741 787
742 787
743 786
744 785
745 785
746 784
747 783
748 783
749 782
750 781
751 780
752 779
753 778
754 777
755 776
756 776
757 775
758 774
759 773
760 773
761 772
762 771
763 770
764 770
765 769
766 768
767 767
768 766
769 766
770 765
771 764
772 763
773 762
774 761
775 761
776 760
777 759
778 758
779 757
780 756
781 755
782 754
783 753
784 752
785 751
786 750
787 749
788 748
789 747
790 746
791 745
792 744
793 743
794 742
795 741
796 740
797 739
798 739
799 738
800 737
801 736
802 735
803 734
804 733
805 733
806 732
807 731
808 730
809 729
810 728
811 727
812 726
813 726
814 725
815 724
816 723
817 722
818 721
819 720
820 720
821 719
822 718
823 717
824 716
825 715
826 715
827 715
828 715
829 715
830 715
831 715
832 715
833 715
834 715
835 715
836 715
837 715
838 715
839 715
840 715
841 715
842 715
843 715
844 715
845 715
846 715
847 715
848 715
849 715
850 715
851 715
852 715
853 715
854 715
855 715
856 715
857 715
858 715
859 715
860 715
861 715
862 715
863 715
864 715
865 716
866 717
867 717
868 718
869 719
870 720
871 721
872 721
873 722
874 722
875 722
876 722
877 723
878 723
879 724
880 724
881 724
882 725
883 725
884 726
885 726
886 727
887 727
888 728
889 728
890 729
891 730
892 730
893 731
894 731
895 732
896 732
897 732
898 732
899 732
900 732
901 733
902 733
903 733
904 733
905 733
906 733
907 734
908 735
909 735
910 735
911 735
912 735
913 735
914 735
915 735
916 735
917 735
918 735
919 735
920 735
921 735
922 735
923 735
924 735
925 735
926 735
927 735
928 735
929 735
930 735
931 735
932 735
933 735
934 735
935 735
936 735
937 735
938 735
939 735
940 735
941 735
942 735
943 735
944 735
945 735
946 736
947 737
948 737
949 737
950 738
951 738
952 739
953 740
954 740
955 741
956 742
957 742
958 743
959 744
960 744
961 745
962 745
963 746
964 747
965 747
966 748
967 749
968 750
969 750
970 751
971 752
972 752
973 753
974 754
975 754
976 754
977 755
978 756
979 757
980 758
981 759
982 760
983 761
984 762
985 763
986 764
987 765
988 766
989 766
990 767
991 768
992 769
993 770
994 771
995 772
996 773
997 774
998 774
999 774
1000 775
1001 775
1002 775
1003 775
1004 776
1005 776
1006 776
1007 776
1008 777
1009 777
1010 777
1011 777
1012 778
1013 778
1014 778
1015 779
1016 779
1017 779
1018 779
1019 780
1020 780
1021 780
1022 780
1023 781
1024 781
1025 781
1026 782
1027 782
1028 783
1029 783
1030 783
1031 784
1032 784
1033 785
1034 785
1035 785
1036 786
1037 786
1038 787
1039 787
1040 788
1041 788
1042 788
1043 789
1044 789
1045 790
1046 790
1047 790
1048 791
1049 791
1050 792
1051 793
1052 793
1053 794
1054 795
1055 796
1056 797
1057 797
1058 798
1059 799
1060 800
1061 801
1062 801
1063 802
1064 803
1065 804
1066 805
1067 805
1068 806
1069 807
1070 808
1071 808
1072 809
1073 810
1074 811
1075 811
1076 812
1077 813
1078 814
1079 815
1080 815
1081 816
1082 817
1083 818
1084 819
1085 819
1086 820
1087 821
1088 822
1089 823
1090 824
1091 824
1092 824
1093 824
1094 823
1095 823
1096 822
1097 822
1098 822
1099 821
1100 821
1101 821
1102 820
1103 820
1104 819
1105 819
1106 819
1107 818
1108 818
1109 818
1110 817
1111 817
1112 817
1113 817
1114 816
1114 815
1114 814
1114 813
1114 812
1114 811
1115 810
1115 809
1116 808
1116 807
1116 806
1117 805
1117 804
1117 803
1118 802
1118 801
1119 800
1119 799
1119 798
1120 797
1120 796
1120 795
1121 794
1121 793
1121 792
1122 791
1122 790
1123 789
1124 788
1124 787
1125 786
1126 785
1127 784
1128 783
1128 782
1129 781
1130 780
1131 779
1132 778
1133 777
1134 776
1135 775
1136 774
1137 773
1137 772
1138 771
1139 770
1140 769
1141 768
1142 767
1143 766
1144 765
1145 764
1145 763
1146 762
1146 761
1146 760
1146 759
1146 758
1146 757
1146 756
1146 755
1146 754
1146 753
1146 752
1146 751
1146 750
1146 749
1147 748
1147 747
1148 746
1149 745
1149 744
1150 743
1151 742
1151 741
1152 740
1152 739
1152 738
1152 737
1152 736
1153 735
1153 734
1154 733
1155 732
1155 731
1156 730
1156 729
1156 728
1156 727
1156 726
1156 725
1156 724
1156 723
1156 722
1156 721
1156 720
1155 719
1155 718
1155 717
1154 716
1154 715
1153 714
1153 713
1152 712
1152 711
1152 710
1151 709
1151 708
1150 707
1150 706
1149 705
1149 704
1148 703
1148 702
1148 701
1148 700
1148 699
1148 698
1148 697
1149 696
1149 695
1149 694
1149 693
1149 692
1149 691
1149 690
1149 689
1149 688
1149 687
1149 686
1150 685
1151 684
1152 683
1152 682
1153 681
1154 680
1155 679
1155 678
1156 677
1157 676
1157 675
1158 674
1159 673
1159 672
1160 671
1161 670
1162 669
1163 668
1164 667
1165 666
1166 665
1167 664
1168 663
1169 662
1170 661
1171 660
1172 659
1173 658
1174 657
1175 656
1176 655
1177 654
1178 653
1179 652
1180 651
1181 650
1182 649
1182 648
1183 647
1184 646
1185 645
1186 644
1187 643
1188 642
1188 641
1189 640
1190 639
1191 638
1192 637
1193 636
1194 635
1195 634
1196 633
1197 632
1198 631
1199 630
1200 629
1201 628
1202 627
1203 626
1204 625
1205 624
1206 623
1207 622
1208 621
1209 620
1210 619
1211 618
1212 617
1213 616
1214 615
1215 614
1216 613
1217 612
1218 611
1219 610
1220 609
1221 608
1222 607
1223 606
1224 605
1225 604
1226 603
1227 602
1227 601
1228 600
1228 599
1228 598
1228 597
1228 596
1228 595
1228 594
1228 593
1228 592
1228 591
1228 590
1228 589
1228 588
1228 587
1228 586
1228 585
1228 584
1228 583
1228 582
1228 581
1229 580
1229 579
1230 578
1230 577
1231 576
1231 575
1231 574
1232 573
1232 572
1232 571
1233 570
1233 569
1234 568
1234 567
1234 566
1235 565
1235 564
1236 563
1236 562
1237 561
1237 560
1238 559
1238 558
1239 557
1239 556
1240 555
1240 554
1241 553
1241 552
1242 551
1242 550
1242 549
1242 548
1243 547
1243 546
1243 545
1243 544
1244 543
1244 542
1245 541
1245 540
1245 539
1245 538
1245 537
1245 536
1245 535
1246 534
1246 533
1246 532
1246 531
1246 530
1246 529
1246 528
1247 527
1247 526
1247 525
1247 524
1247 523
1247 522
1247 521
1248 520
1248 519
1248 518
1248 517
1248 516
1249 515
1250 514
1250 513
1251 512
1252 511
1252 510
1253 509
1254 508
1254 507
1255 506
1256 505
1256 504
1257 503
1258 502
1258 501
1259 500
1260 499
1260 498
1261 497
1262 496
1262 495
1263 494
1264 493
1264 492
1264 491
1264 490
1264 489
1264 488
1264 487
1264 486
1264 485
1264 484
1264 483
1264 482
1264 481
1264 480
1264 479
1264 478
1264 477
1264 476
1264 475
1264 474
1264 473
1264 472
1264 471
1264 470
1264 469
1264 468
1264 467
1264 466
1264 465
1264 464
1264 463
1264 462
1264 461
1264 460
1264 459
1264 458
1264 457
1264 456
1264 455
1264 454
1264 453
1264 452
1264 451
1264 450
1264 449
1264 448
1264 447
1264 446
1264 445
1264 444
1264 443
1264 442
1264 441
1264 440
1264 439
1264 438
1264 437
1264 436
1264 435
1264 434
1264 433
1264 432
1264 431
1264 430
1264 429
1264 428
1264 427
1264 426
1264 425
1264 424
1264 423
1264 422
1264 421
1265 420
1265 419
1265 418
1265 417
1265 416
1265 415
1266 414
1266 413
1266 412
1266 411
1266 410
1266 409
1266 408
1266 407
1266 406
1267 405
1267 404
1267 403
1267 402
1267 401
1267 400
1268 399
1268 398
1268 397
1268 396
1268 395
1268 394
1268 393
1268 392
1268 391
1268 390
1268 389
1268 388
1268 387
1268 386
1268 385
1268 384
1268 383
1268 382
1268 381
1268 380
1268 379
1268 378
1268 377
1268 376
1268 375
1268 374
1268 373
1268 372
1268 371
1268 370
1268 369
1268 368
1268 367
1268 366
1268 365
1268 364
1268 363
1268 362
1268 361
1268 360
1268 359
1268 358
1268 357
1268 356
1268 355
1268 354
1269 353
1269 352
1270 351
1270 350
1270 349
1270 348
1270 347
1270 346
1270 345
1270 344
1270 343
1270 342
1270 341
1270 340
1270 339
1270 338
1270 337
1270 336
1270 335
1270 334
1270 333
1270 332
1270 331
1270 330
1270 329
1270 328
1270 327
1270 326
1270 325
1271 324
1271 323
1272 322
1272 321
1272 320
1272 319
1272 318
1272 317
1272 316
1272 315
1272 314
1272 313
1271 312
1270 311
1269 310
1268 309
1267 308
1266 307
1265 306
1264 305
1263 304
1262 303
1261 302
1260 301
1259 300
1258 299
1257 298
1256 297
1256 296
1255 295
1255 294
1255 293
1255 292
1255 291
1255 290
1255 289
1255 288
1255 287
1255 286
1255 285
1255 284
1255 283
1255 282
1255 281
1255 280
1255 279
1255 278
1255 277
1255 276
1255 275
1255 274
1255 273
1255 272
1255 271
1255 270
1255 269
1255 268
1255 267
1255 266
1255 265
1255 264
1255 263
1255 262
1255 261
1255 260
1255 259
1255 258
1255 257
1255 256
1255 255
1255 254
1255 253
1255 252
1255 251
1255 250
1255 249
1255 248
1255 247
1255 246
1255 245
1255 244
1255 243
1255 242
1255 241
1255 240
1254 239
1254 238
1253 237
1253 236
1253 235
1252 234
1252 233
1251 232
1251 231
1251 230
1251 229
1251 228
1251 227
1251 226
1251 225
1251 224
1251 223
1251 222
1251 221
1251 220
1251 219
1251 218
1251 217
1251 216
1251 215
1251 214
1251 213
1251 212
1251 211
1251 210
1251 209
1251 208
1251 207
1251 206
1251 205
1251 204
1251 203
1251 202
1251 201
1251 200
1251 199
1251 198
1251 197
1251 196
1251 195
1251 194
1251 193
1251 192
1251 191
1251 190
1251 189
1251 188
1251 187
1251 186
1251 185
1251 184
1251 183
1251 182
1251 181
1251 180
1251 179
1251 178
1251 177
1251 176
1252 175
1253 174
1254 173
1255 172
1256 172
1257 171
1258 171
1259 171
1260 171
1261 171
1262 170
1263 170
1264 170
1265 170
1266 169
1267 169
1268 169
1269 169
1270 168
1271 167
1272 166
1273 165
1274 164
1275 163
1276 162
1277 161
1278 160
1279 159
1280 158
1281 157
1282 156
1283 155
1283 154
1283 153
1283 152
1283 151
1283 150
1283 149
1283 148
1283 147
1283 146
1283 145
1283 144
1283 143
1283 142
1283 141
1283 140
1283 139
1283 138
1283 137
1283 136
1283 135
1283 134
1283 133
1284 132
1284 131
1285 130
1285 129
1286 128
1286 127
1287 126
1287 125
1288 124
1288 123
1289 122
1289 121
1290 120
1290 119
1290 118
1291 117
1291 116
1291 115
1292 114
1292 113
1292 112
1293 111
1293 110
1293 109
1293 108
1293 107
1294 106
1294 105
1294 104
1294 103
1295 102
1295 101
1295 100
1295 99
1296 98
1296 97
1296 96
1296 95
1297 94
1297 93
1297 92
1297 91
1298 90
1299 89
1300 88
1301 87
1302 86
1303 85
1303 85
1303 86
1303 87
1303 88
1303 89
1303 90
1303 91
1303 92
1303 93
1303 94
1303 95
1303 96
1303 97
1303 98
1303 99
1303 100
1303 101
1303 102
1303 103
1303 104
1303 105
1303 106
1303 107
1303 108
1303 109
1303 110
1303 111
1303 112
1303 113
1303 114
1303 115
1303 116
1303 117
1303 118
1303 119
1303 120
1302 121
1302 122
1302 123
1302 124
1302 125
1302 126
1302 127
1302 128
1301 129
1301 130
1300 131
1300 132
1299 133
1299 134
1299 135
1298 136
1298 137
1297 138
1297 139
1297 140
1297 141
1297 142
1297 143
1297 144
1297 145
1297 146
1297 147
1298 148
1298 149
1298 150
1298 151
1299 152
1299 153
1299 154
1299 155
1300 156
1300 157
1300 158
1300 159
1301 160
1301 161
1301 162
1301 163
1302 164
1302 165
1302 166
1302 167
1302 168
1301 169
1300 170
1300 171
1300 172
1300 173
1300 174
1300 175
1300 176
1300 177
1300 178
1300 179
1300 180
1300 181
1300 182
1300 183
1300 184
1300 185
1300 186
1300 187
1300 188
1299 189
1298 190
1297 191
1296 192
1295 193
1295 194
1294 195
1294 196
1293 197
1293 198
1292 199
1292 200
1291 201
1291 202
1290 203
1290 204
1289 205
1289 206
1289 207
1288 208
1288 209
1288 210
1288 211
1287 212
1287 213
1287 214
1287 215
1287 216
1287 217
1287 218
1287 219
1287 220
1287 221
1287 222
1288 223
1288 224
1288 225
1288 226
1288 227
1288 228
1288 229
1288 230
1288 231
1288 232
1288 233
1288 234
1288 235
1288 236
1289 237
1289 238
1289 239
1289 240
1289 241
1289 242
1289 243
1289 244
1289 245
1289 246
1289 247
1290 248
1290 249
1290 250
1290 251
1290 252
1290 253
1290 254
1290 255
1290 256
1290 257
1290 258
1291 259
1291 260
1292 261
1292 262
1292 263
1293 264
1293 265
1293 266
1294 267
1294 268
1295 269
1295 270
1296 271
1297 272
1297 273
1298 274
1299 275
1300 276
1300 277
1300 278
1301 279
1301 280
1301 281
1301 282
1301 283
1302 284
1302 285
1303 286
1303 287
1304 288
1305 289
1305 290
1306 291
1306 292
1307 293
1308 294
1308 295
1309 296
1309 297
1310 298
1310 299
1311 300
1311 301
1312 302
1312 303
1313 304
1313 305
1314 306
1314 307
1315 308
1315 309
1316 310
1316 311
1317 312
1317 313
1318 314
1318 315
1319 316
1320 317
1320 318
1320 319
1321 320
1321 321
1321 322
1322 323
1322 324
1323 325
1324 326
1324 327
1325 328
1326 329
1326 330
1327 331
1328 332
1328 333
1329 334
1329 335
1330 336
1330 337
1330 338
1331 339
1331 340
1331 341
1332 342
1332 343
1333 344
1333 345
1333 346
1334 347
1334 348
1334 349
1335 350
1335 351
1335 352
1336 353
1337 354
1337 355
1338 356
1338 357
1339 358
1339 359
1340 360
1340 361
1341 362
1342 363
1342 364
1343 365
1343 366
1344 367
1344 368
1345 369
1346 370
1347 371
1348 371
1349 372
1350 373
1351 373
1352 374
1353 375
1354 375
1355 376
1356 377
1357 378
1358 378
1359 379
1360 380
1361 381
1362 382
1363 383
1363 384
1363 385
1363 386
1364 387
1363 388
1362 389
1361 390
1362 391
1361 392
1360 393
1359 394
1360 395
1359 396
1358 397
1357 398
1357 399
1356 400
1355 401
1354 402
1355 403
1355 404
1356 405
1356 406
1357 407
1357 408
1358 409
1358 410
1358 411
1359 411
1359 412
1359 413
1360 414
1360 415
1361 416
1361 417
1362 418
1362 419
1363 420
1363 421
1363 422
1363 423
1363 424
1363 425
1363 426
1363 427
1364 428
1364 429
1364 430
1364 431
1365 432
1365 433
1365 434
1365 435
1365 436
1366 437
1366 438
1366 439
1366 440
1367 441
1367 442
1367 443
1367 444
1368 445
1368 446
1368 447
1368 448
1368 449
1368 450
1368 451
1368 452
1368 453
1368 454
1368 455
1368 456
1368 457
1368 458
1368 459
1368 460
1368 461
1368 462
1368 463
1368 464
1368 465
1368 466
1368 467
1368 468
1368 469
1368 470
1368 471
1369 472
1369 473
1369 474
1369 475
1369 476
1369 477
1370 478
1370 479
1370 480
1370 481
1370 482
1370 483
1370 484
1370 485
1370 486
1369 487
1369 488
1369 489
1369 490
1369 491
1369 492
1368 493
1368 494
1368 495
1368 496
1367 497
1367 498
1367 499
1366 500
1366 501
1366 502
1366 503
1365 504
1365 505
1365 506
1364 507
1364 508
1364 509
1364 510
1363 511
1363 512
1363 513
1362 514
1362 515
1362 516
1361 517
1361 518
1361 519
1360 520
1360 521
1360 522
1359 523
1359 524
1359 525
1359 526
1359 527
1359 528
1359 529
1359 530
1359 531
1359 532
1359 533
1359 534
1359 535
1359 536
1359 537
1359 538
1359 539
1359 540
1359 541
1359 542
1359 543
1360 544
1360 545
1360 546
1360 547
1361 548
1361 549
1361 550
1361 551
1362 552
1363 553
1364 554
1365 555
1366 556
1367 557
1368 558
1369 559
1370 560
1370 561
1371 562
1372 563
1371 564
1372 565
1372 566
1373 567
1373 568
1373 569
1373 570
1373 571
1374 572
1374 573
1374 574
1374 575
1375 576
1375 577
1375 578
1375 579
1375 580
1375 581
1375 582
1375 583
1375 584
1375 585
1375 586
1375 587
1375 588
1375 589
1375 590
1375 591
1375 592
1376 593
1377 594
1378 595
1379 596
1380 597
1379 598
1380 599
1381 600
1382 601
1383 602
1384 603
1384 604
1385 605
1386 606
1387 607
1386 608
1387 609
1388 610
1389 611
1390 611
1391 612
1392 613
1393 614
1393 615
1394 616
1394 617
1394 618
1394 619
1395 620
1395 621
1395 622
1395 623
1395 624
1396 625
1396 626
1397 627
1398 628
1398 629
1399 630
1399 631
1400 632
1401 633
1401 634
1402 635
1402 636
1403 637
1404 638
1405 639
1406 640
1407 641
1408 642
1409 643
1409 644
1410 645
1411 646
1411 647
1412 648
1412 649
1413 650
1414 651
1413 652
1414 653
1415 654
1415 655
1415 656
1415 657
1416 658
1416 659
1416 660
1417 661
1417 662
1417 663
1417 664
1417 665
1418 666
1418 667
1419 668
1419 669
1420 670
1420 671
1421 672
1422 673
1422 674
1423 675
1423 676
1424 677
1425 678
1425 679
1426 680
1426 681
1427 682
1427 683
1428 684
1428 685
1429 686
1430 687
1430 688
1431 689
1431 690
1431 691
1432 692
1432 693
1433 694
1434 694
1435 695
1435 696
1436 697
1436 698
1436 699
1437 700
1437 701
1438 702
1438 703
1438 704
1439 705
1439 706
1440 707
1440 708
1440 709
1441 710
1441 711
1442 712
1442 713
1443 714
1443 715
1444 716
1444 717
1444 718
1445 719
1445 720
1446 721
1446 722
1446 723
1447 724
1446 725
1447 726
1448 726
1449 727
1448 728
1449 729
1449 730
1450 731
1451 731
1452 732
1451 733
1452 734
1451 735
1452 736
1452 737
1453 738
1454 738
1455 739
1454 740
1455 741
1454 742
1455 743
1455 744
1456 745
1457 745
1458 746
1459 746
1460 747
1459 748
1460 749
1461 750
1461 751
1462 752
1462 753
1462 754
1462 755
1462 756
1462 757
1462 758
1463 759
1463 760
1463 761
1463 762
1463 763
1463 764
1463 765
1464 766
1464 767
1464 768
1464 769
1464 770
1464 771
1464 772
1464 773
1465 774
1465 775
1465 776
1465 777
1465 778
1465 779
1466 780
1467 781
1468 782
1468 783
1469 784
1470 785
1471 786
1472 787
1473 788
1474 789
1475 790
1476 791
1477 792
1478 793
1479 794
1480 795
1481 796
1482 797
1483 798
1484 799
1485 800
1486 801
1487 802
1488 802
1489 802
1490 802
1491 802
1492 803
1493 803
1494 803
1495 803
1496 803
1497 803
1498 804
1499 804
1500 804
1501 804
1502 804
1503 804
1504 805
1505 805
1506 805
1507 805
1508 805
1509 806
1510 806
1511 806
1512 806
1513 807
1514 808
1515 809
1516 810
1517 810
1518 811
1519 812
1520 813
1521 813
1522 814
1523 815
1524 816
1525 816
1526 817
1527 818
1528 819
1529 819
1530 820
1531 821
1532 822
1533 823
1534 824
1535 825
1536 826
1537 827
1538 827
1539 826
1540 826
1541 826
1542 825
1543 825
1544 825
1545 824
1546 824
1547 824
1548 823
1549 823
1550 823
1551 822
1552 822
1553 822
1554 821
1555 822
1555 823
1555 824
1555 825
1556 826
1557 827
1557 828
1558 828
1559 828
1560 829
1561 829
1562 830
1563 830
1564 831
1565 831
1566 832
1567 832
1568 833
1569 833
1570 834
1570 835
1571 835
1572 835
1573 835
1574 835
1575 835
1576 836
1577 837
1578 838
1578 839
1579 840
1580 841
1581 842
1582 843
1583 844
1583 845
1584 846
1585 847
1586 848
1587 849
1587 850
1587 851
1587 852
1587 853
1587 854
1587 855
1587 856
1587 857
1587 858
1587 859
1587 860
1587 861
1587 862
1587 863
1587 864
1587 865
1587 866
1587 867
1587 868
1587 869
1587 870
1587 871
1587 872
1587 873
1587 874
1587 875
1587 876
1587 877
1587 878
1587 879
1587 880
1587 881
1587 882
1587 883
1587 884
1587 885
1587 886
1587 887
1587 888
1587 889
1587 890
1587 891
1587 892
1587 893
1587 894
1587 895
1587 896
1587 897
1587 898
1587 899
1587 900
1587 901
1587 902
1587 903
1587 904
1587 905
1587 906
1587 907
1587 908
1587 909
1587 910
1587 911
1587 912
1587 913
1587 914
1587 915
1587 916
1587 917
1587 918
1587 919
1587 920
1587 921
1587 922
1587 923
1587 924
1587 925
1587 926
1587 927
1587 928
1587 929
1587 930
1587 931
1587 932
1587 933
1587 934
1587 935
1587 936
1587 937
1587 938
1587 939
1587 940
1587 941
1587 942
1587 943
1587 944
1587 945
1587 946
1587 947
1587 948
1587 949
1587 950
1587 951
1587 952
1587 953
1587 954
1587 955
1587 956
1587 957
1587 958
1587 959
1587 960
1587 961
1587 962
1587 963
1587 964
1587 965
1587 966
1587 967
1587 968
1587 969
1587 970
1587 971
1587 972
1587 973
1587 974
1587 975
1587 976
1587 977
1587 978
1587 979
1587 980
1587 981
1587 982
1587 983
1587 984
1587 985
1587 986
1587 987
1587 988
1587 989
1587 990
1587 991
1587 992
1587 993
1587 994
1587 995
1587 996
1586 997
1585 998
1585 999
1585 1000
1585 1001
1585 1002
1585 1003
1585 1004
1585 1005
1585 1006
1585 1007
1585 1008
1585 1009
1585 1010
1585 1011
1585 1012
1585 1013
1585 1014
1585 1015
1585 1016
1585 1017
1585 1018
1585 1019
1585 1020
1585 1021
1585 1022
1585 1023
1585 1024
1585 1025
1585 1026
1585 1027
1585 1028
1585 1029
1585 1030
1585 1031
1585 1032
1585 1033
1585 1034
1585 1035
1585 1036
1585 1037
1585 1038
1585 1039
1585 1040
1585 1041
1585 1042
1585 1043
1585 1044
1585 1045
1585 1046
1585 1047
1585 1048
1585 1049
1585 1050
1585 1051
1585 1052
1585 1053
1585 1054
1585 1055
1585 1056
1585 1057
1585 1058
1585 1059
1585 1060
1585 1061
1585 1062
1585 1063
1585 1064
1585 1065
1585 1066
1585 1067
1585 1068
1585 1069
1585 1070
1585 1071
1585 1072
1585 1073
1585 1074
1585 1075
1585 1076
1585 1077
1585 1078
1585 1079
1585 1080
1585 1081
1585 1082
1585 1083
1585 1084
1585 1085
1585 1086
1585 1087
1585 1088
1585 1089
1585 1090
1585 1091
1585 1092
1585 1093
1585 1094
1585 1095
1585 1096
1585 1097
1585 1098
1585 1099
1585 1100
1585 1101
1585 1102
1585 1103
1585 1104
1585 1105
1585 1106
1585 1107
1585 1108
1585 1109
1585 1110
1585 1111
1585 1112
1585 1113
1585 1114
1584 1115
1584 1116
1584 1117
1584 1118
1584 1119
1584 1120
1584 1121
1584 1122
1584 1123
1584 1124
1584 1125
1584 1126
1583 1127
1583 1128
1583 1129
1583 1130
1583 1131
1583 1132
1583 1133
1583 1134
1583 1135
1583 1136
1583 1137
1583 1138
1583 1139
1583 1140
1583 1141
1583 1142
1583 1143
1583 1144
1583 1145
1583 1146
1583 1147
1583 1148
1583 1149
1583 1150
1583 1151
1583 1152
1583 1153
1583 1154
1583 1155
1583 1156
1583 1157
1583 1158
1583 1159
1583 1160
1583 1161
1583 1162
1583 1163
1583 1164
1583 1165
1583 1166
1583 1167
1583 1168
1583 1169
1583 1170
1583 1171
1583 1172
1583 1173
1583 1174
1583 1175
1583 1176
1583 1177
1583 1178
1583 1179
1583 1180
1583 1181
1583 1182
1583 1183
1583 1184
1583 1185
1583 1186
1583 1187
1583 1188
1583 1189
1584 1190
1585 1191
1586 1192
1586 1193
1587 1194
1587 1195
1587 1196
1587 1197
1587 1198
1587 1199
1587 1200
1587 1201
1587 1202
1587 1203
1587 1204
1587 1205
1587 1206
1587 1207
1588 1208
1588 1209
1588 1210
1587 1211
1587 1212
1587 1213
1587 1214
1587 1215
1587 1216
1587 1217
1587 1218
1587 1219
1587 1220
1587 1221
1586 1222
1585 1223
1585 1224
1585 1225
1585 1226
1585 1227
1585 1228
1585 1229
1585 1230
1585 1231
1585 1232
1585 1233
1585 1234
1585 1235
1585 1236
1585 1237
1585 1238
1585 1239
1585 1240
1585 1241
1585 1242
1585 1243
1585 1244
1585 1245
1585 1246
1585 1247
1584 1248
1584 1249
1584 1250
1583 1251
1583 1252
1582 1253
1582 1254
1581 1255
1581 1256
1581 1257
1580 1258
1580 1259
1579 1260
1579 1261
1579 1262
1578 1263
1578 1264
1577 1265
1577 1266
1577 1267
1576 1268
1576 1269
1576 1270
1576 1271
1576 1272
1576 1273
1576 1274
1576 1275
1576 1276
1576 1277
1576 1278
1576 1279
1576 1280
1576 1281
1576 1282
1576 1283
1576 1284
1576 1285
1576 1286
1576 1287
1576 1288
1576 1289
1576 1290
1576 1291
1576 1292
1576 1293
1577 1294
